# Results of biGauss analysis.
# The fitted slope was (m,b) (-1.569881, -21.491265) with a rchi2 of 0.000024 and a 		res. st.d. of 0.004911
# The RV and indicator dataset have an associated Pearson's r of -0.893708, 		being at 17.416030 sigma from an uncorrelated shuffled distribution.
# The single-sided Gaussian probability of such an event is 0.000000 %
#	 filename 		 RV 	 biGauss		A(G)	center(G)	FWHM(G)	cont(G)
	HARPS.2003-06-18T10:10:19.313_ccf_K5_A.fits		-13.6815361514	-0.0146846670952		-4619173.87165	-13.6815361514	5.99432465397	9552050.41356
	HARPS.2003-12-15T01:40:35.412_ccf_K5_A.fits		-13.6795241658	-0.0170497750254		-3758972.13869	-13.6795241658	5.9848638148	7762758.93051
	HARPS.2004-05-15T08:04:11.682_ccf_K5_A.fits		-13.6829995672	-0.0103400393924		-7366063.64816	-13.6829995672	5.99042633274	15250354.9764
	HARPS.2004-10-10T02:38:26.465_ccf_K5_A.fits		-13.6801604621	-0.0106863690027		-9163122.26869	-13.6801604621	5.98037616823	18932456.4151
	HARPS.2006-11-09T01:36:15.074_ccf_K5_A.fits		-13.6790419034	-0.0102391258285		-10460730.735	-13.6790419034	5.9765031366	21621768.8375
	HARPS.2008-08-21T07:29:51.804_ccf_K5_A.fits		-13.6813585368	-0.0107845152401		-11931904.9013	-13.6813585368	5.99635827587	24733955.2051
	HARPS.2008-08-22T06:36:17.187_ccf_K5_A.fits		-13.6844282412	-0.0114555374217		-11552106.3481	-13.6844282412	5.99237498291	23933247.8059
	HARPS.2008-08-23T06:42:52.763_ccf_K5_A.fits		-13.6831784105	-0.0116413755723		-11150778.35	-13.6831784105	5.99555873548	23112393.2814
	HARPS.2008-08-24T06:34:40.185_ccf_K5_A.fits		-13.6807833057	-0.0112881072509		-6438942.90055	-13.6807833057	5.99734591685	13350711.9304
	HARPS.2008-08-25T06:27:04.942_ccf_K5_A.fits		-13.680809004	-0.0121939628735		-8202850.30396	-13.680809004	5.99617800821	17003347.6605
	HARPS.2008-08-26T06:18:23.520_ccf_K5_A.fits		-13.6796189319	-0.0117296227081		-9134602.25614	-13.6796189319	5.99692600075	18931407.6409
	HARPS.2008-08-27T06:46:27.164_ccf_K5_A.fits		-13.6799192427	-0.0112001619796		-7257068.17301	-13.6799192427	5.99520390279	15037365.2814
	HARPS.2008-08-28T04:58:13.902_ccf_K5_A.fits		-13.6819484052	-0.0153410704437		-2323410.30719	-13.6819484052	5.99836236901	4819463.06681
	HARPS.2008-08-28T05:13:46.606_ccf_K5_A.fits		-13.6815183713	-0.00945910213377		-1603513.84029	-13.6815183713	6.00031107987	3330199.68879
	HARPS.2008-08-29T06:09:47.438_ccf_K5_A.fits		-13.6837004498	-0.00917959642298		-7659469.65659	-13.6837004498	5.98746826509	15851952.1177
	HARPS.2008-08-30T05:02:53.342_ccf_K5_A.fits		-13.6846177056	-0.00986643274023		-9854474.86017	-13.6846177056	5.98862796429	20398328.9237
	HARPS.2008-08-31T05:10:32.494_ccf_K5_A.fits		-13.684283881	-0.0118139469567		-14918228.9669	-13.684283881	5.99001584783	30888435.1398
	HARPS.2008-09-01T05:14:26.967_ccf_K5_A.fits		-13.6828223898	-0.00907069886269		-11813475.3446	-13.6828223898	5.98644129353	24452642.2014
	HARPS.2008-09-11T03:47:42.958_ccf_K5_A.fits		-13.6836699358	-0.00697649130914		-5852724.47753	-13.6836699358	5.98144880084	12103854.1525
	HARPS.2008-09-12T02:24:02.933_ccf_K5_A.fits		-13.684705261	-0.00860230492668		-6593560.02559	-13.684705261	5.98647911785	13652190.3657
	HARPS.2008-09-21T04:58:49.837_ccf_K5_A.fits		-13.6831220255	-0.010703794029		-9102385.74477	-13.6831220255	5.99252735284	18846293.1714
	HARPS.2008-09-22T04:10:11.597_ccf_K5_A.fits		-13.6840255051	-0.0102846665493		-16823073.4104	-13.6840255051	5.98905120381	34828744.9473
	HARPS.2008-09-23T04:23:29.895_ccf_K5_A.fits		-13.6834994642	-0.0102232893119		-9596043.84395	-13.6834994642	5.9910689655	19870031.4421
	HARPS.2008-09-24T04:55:50.996_ccf_K5_A.fits		-13.6818388806	-0.00996156041373		-17434963.7796	-13.6818388806	5.99268570922	36108370.8213
	HARPS.2008-09-25T04:15:31.893_ccf_K5_A.fits		-13.679893586	-0.0101300647628		-4428297.96636	-13.679893586	5.99627332138	9179707.05508
	HARPS.2008-09-28T03:34:01.903_ccf_K5_A.fits		-13.6841660511	-0.0098981800272		-7295829.41413	-13.6841660511	5.99650763132	15119543.2557
	HARPS.2008-10-03T03:38:20.933_ccf_K5_A.fits		-13.6835980027	-0.0107001088963		-3335957.42973	-13.6835980027	5.99077618231	6910693.46535
	HARPS.2008-10-04T02:46:09.604_ccf_K5_A.fits		-13.6839772197	-0.0121008972742		-12244118.1944	-13.6839772197	5.99152589544	25360637.7415
	HARPS.2008-10-06T02:14:10.008_ccf_K5_A.fits		-13.6814066573	-0.0096080727561		-13079721.5436	-13.6814066573	5.99187038574	27089435.439
	HARPS.2008-10-07T02:38:22.842_ccf_K5_A.fits		-13.682407006	-0.0105959218027		-11559486.8808	-13.682407006	5.99045009305	23941920.2201
	HARPS.2008-10-14T03:22:08.333_ccf_K5_A.fits		-13.6832341079	-0.00845462881394		-6883776.9437	-13.6832341079	5.99455178524	14266831.0825
	HARPS.2008-10-15T02:23:11.066_ccf_K5_A.fits		-13.6840689753	-0.0110267645189		-8740695.18122	-13.6840689753	5.99402712145	18110546.6456
	HARPS.2008-10-16T04:52:13.701_ccf_K5_A.fits		-13.6839994667	-0.00900455962683		-8590109.0206	-13.6839994667	5.9969346599	17799819.3068
	HARPS.2008-10-19T02:44:46.632_ccf_K5_A.fits		-13.6824213691	-0.0113974253978		-8875700.16713	-13.6824213691	5.98942895371	18372761.0691
	HARPS.2008-10-20T02:55:26.891_ccf_K5_A.fits		-13.6820725343	-0.00901077562333		-11239635.266	-13.6820725343	5.98746084958	23257761.196
	HARPS.2008-10-21T02:33:14.633_ccf_K5_A.fits		-13.6855413499	-0.0102155226906		-17698447.2594	-13.6855413499	5.99327103401	36649734.0284
	HARPS.2008-10-22T03:16:52.181_ccf_K5_A.fits		-13.683774085	-0.00889413561932		-16030412.3662	-13.683774085	5.99214203625	33201862.8957
	HARPS.2008-10-23T01:18:53.243_ccf_K5_A.fits		-13.6822420065	-0.0121160194073		-8297667.873	-13.6822420065	5.98946798691	17172879.7824
	HARPS.2008-10-24T00:49:11.402_ccf_K5_A.fits		-13.6838405435	-0.00946747416862		-15116782.0608	-13.6838405435	5.99656764085	31316099.3537
	HARPS.2008-10-25T00:53:29.433_ccf_K5_A.fits		-13.6822388464	-0.0100966701019		-4567430.40421	-13.6822388464	6.00051414917	9469602.36408
	HARPS.2008-10-26T01:27:04.845_ccf_K5_A.fits		-13.6838830633	-0.00602431553458		-3075578.96468	-13.6838830633	6.00116715222	6381477.49101
	HARPS.2008-10-27T02:15:39.739_ccf_K5_A.fits		-13.6835765966	-0.00840554255294		-4977792.26416	-13.6835765966	6.00102979973	10325563.0842
	HARPS.2008-11-04T00:52:19.885_ccf_K5_A.fits		-13.684812514	-0.00950357449263		-10531445.7741	-13.684812514	5.99677798466	21832274.7803
	HARPS.2008-11-05T03:06:05.266_ccf_K5_A.fits		-13.6820821765	-0.0129739184552		-8156479.52262	-13.6820821765	6.00124652659	16923872.6994
	HARPS.2008-11-06T00:49:44.831_ccf_K5_A.fits		-13.6817058409	-0.0109182293968		-10236567.9835	-13.6817058409	5.99932179808	21231722.6346
	HARPS.2008-11-07T01:36:22.413_ccf_K5_A.fits		-13.6821538605	-0.00996425726359		-7267102.66564	-13.6821538605	6.00157127219	15075268.9355
	HARPS.2008-11-08T00:49:35.633_ccf_K5_A.fits		-13.6800804369	-0.0111091586803		-17348508.513	-13.6800804369	5.99694287654	36001379.2857
	HARPS.2008-11-09T01:01:13.833_ccf_K5_A.fits		-13.682018229	-0.0115482825521		-13678229.2579	-13.682018229	5.99961476996	28370872.6613
	HARPS.2008-11-10T00:48:41.902_ccf_K5_A.fits		-13.6810698	-0.0121012537062		-14911501.7616	-13.6810698	6.00017987794	30936123.4206
	HARPS.2008-11-29T00:08:44.908_ccf_K5_A.fits		-13.6798590317	-0.00947952367317		-5763960.60162	-13.6798590317	5.99982248721	11965432.4971
	HARPS.2008-11-30T00:16:39.538_ccf_K5_A.fits		-13.6832923099	-0.0098707356427		-13145536.351	-13.6832923099	5.9996519361	27256261.5574
	HARPS.2008-12-01T00:59:40.141_ccf_K5_A.fits		-13.6828191906	-0.0106065559087		-19586132.4133	-13.6828191906	5.99801822817	40602824.0722
	HARPS.2008-12-02T01:22:12.308_ccf_K5_A.fits		-13.6827182622	-0.0116484651942		-14599515.401	-13.6827182622	5.99997592771	30268766.6153
	HARPS.2008-12-03T00:58:19.260_ccf_K5_A.fits		-13.6822247318	-0.00972849575813		-14379379.7728	-13.6822247318	6.00035585343	29808337.3787
	HARPS.2008-12-04T01:01:07.702_ccf_K5_A.fits		-13.6829650374	-0.0113980205748		-11591523.76	-13.6829650374	6.00078724587	24034014.7615
	HARPS.2008-12-05T01:13:56.116_ccf_K5_A.fits		-13.6830565247	-0.0103412480115		-10285245.2636	-13.6830565247	6.00254965461	21334775.4749
	HARPS.2008-12-06T00:50:04.275_ccf_K5_A.fits		-13.6843912339	-0.0109778517523		-10249655.4528	-13.6843912339	5.99963077782	21255363.69
	HARPS.2009-05-03T10:09:06.500_ccf_K5_A.fits		-13.6864749084	-0.0131942582838		-9837532.0069	-13.6864749084	6.01431601082	20448579.4191
	HARPS.2009-05-04T10:11:14.230_ccf_K5_A.fits		-13.6855149105	-0.0101591482148		-12045029.9982	-13.6855149105	6.01631295652	25036069.988
	HARPS.2009-06-10T09:37:41.839_ccf_K5_A.fits		-13.6878021797	-0.0127835095059		-15107896.112	-13.6878021797	6.01804885094	31403290.9045
	HARPS.2009-06-11T09:44:37.164_ccf_K5_A.fits		-13.6840688961	-0.0103355955006		-9717542.8915	-13.6840688961	6.02576792686	20221401.175
	HARPS.2009-06-12T09:50:33.977_ccf_K5_A.fits		-13.6843651605	-0.0144847214671		-12976300.2624	-13.6843651605	6.02647534784	27006460.5608
	HARPS.2009-06-13T09:36:53.738_ccf_K5_A.fits		-13.6829844805	-0.013101896527		-13998769.9274	-13.6829844805	6.02709311159	29146998.8772
	HARPS.2009-06-16T10:08:19.683_ccf_K5_A.fits		-13.6834949075	-0.0153437062528		-14538353.9459	-13.6834949075	6.02537084018	30262697.8182
	HARPS.2009-06-18T09:42:43.554_ccf_K5_A.fits		-13.68403735	-0.0119282117522		-3237995.13975	-13.68403735	6.02219997018	6739120.76623
	HARPS.2009-06-18T10:04:26.765_ccf_K5_A.fits		-13.6831997682	-0.00799463651484		-1094930.43923	-13.6831997682	6.02891309657	2279483.64704
	HARPS.2009-06-19T10:00:00.406_ccf_K5_A.fits		-13.6853165697	-0.0145406750892		-13287569.981	-13.6853165697	6.0239781505	27651900.7355
	HARPS.2009-07-08T08:16:37.095_ccf_K5_A.fits		-13.6845091502	-0.0117901241045		-18455031.931	-13.6845091502	6.00842183224	38324214.7697
	HARPS.2009-07-09T09:50:24.921_ccf_K5_A.fits		-13.6857931013	-0.0104223707705		-9525873.89963	-13.6857931013	6.01176106459	19787895.7026
	HARPS.2009-07-10T08:14:00.863_ccf_K5_A.fits		-13.6841066828	-0.0110150385414		-7778169.56866	-13.6841066828	6.01510369744	16161327.5034
	HARPS.2009-07-12T08:37:07.733_ccf_K5_A.fits		-13.6840109629	-0.0132875706035		-12792214.4598	-13.6840109629	6.01302882163	26595917.2838
	HARPS.2009-07-24T08:00:38.002_ccf_K5_A.fits		-13.6855353221	-0.0138758564453		-13112643.6129	-13.6855353221	6.01108687304	27248668.4359
	HARPS.2009-07-25T07:19:33.135_ccf_K5_A.fits		-13.6848252002	-0.0135160889467		-14141323.1405	-13.6848252002	6.01045929195	29384351.8197
	HARPS.2009-07-26T07:05:19.938_ccf_K5_A.fits		-13.6849472364	-0.0122541546226		-10980980.3344	-13.6849472364	6.0020350513	22796300.427
	HARPS.2009-07-27T07:41:14.434_ccf_K5_A.fits		-13.6829350878	-0.012307792762		-13259433.3651	-13.6829350878	5.99834016777	27498783.9026
	HARPS.2009-07-28T06:28:23.566_ccf_K5_A.fits		-13.683412318	-0.0139541950352		-11267535.0603	-13.683412318	6.00629125077	23402585.3299
	HARPS.2009-07-30T07:06:09.417_ccf_K5_A.fits		-13.6859540917	-0.0119060401822		-13329737.3213	-13.6859540917	5.99996131935	27666490.1663
	HARPS.2009-08-01T08:11:43.710_ccf_K5_A.fits		-13.6831217684	-0.0140308293596		-8051115.56902	-13.6831217684	6.00854430423	16726247.923
	HARPS.2009-08-21T05:44:38.706_ccf_K5_A.fits		-13.686167632	-0.01258404167		-14978789.4321	-13.686167632	6.008556965	31111573.0796
	HARPS.2009-08-23T06:39:37.871_ccf_K5_A.fits		-13.6856461625	-0.0111533931196		-6589895.49613	-13.6856461625	6.01028089	13684029.2456
	HARPS.2009-08-24T06:20:09.272_ccf_K5_A.fits		-13.6856282263	-0.0150302146141		-12187534.109	-13.6856282263	6.00446522129	25290369.9622
	HARPS.2009-08-25T05:44:07.018_ccf_K5_A.fits		-13.6843681988	-0.0128212936491		-9471023.47326	-13.6843681988	6.00651450045	19664035.4112
	HARPS.2009-08-26T05:47:06.912_ccf_K5_A.fits		-13.6843210206	-0.0109298209111		-12030093.1166	-13.6843210206	6.00201732233	24954397.4168
	HARPS.2009-08-28T04:11:39.114_ccf_K5_A.fits		-13.6847762664	-0.0111720084222		-7856216.10601	-13.6847762664	6.00505332353	16301504.826
	HARPS.2009-08-28T05:27:25.973_ccf_K5_A.fits		-13.6855795733	-0.0116119394881		-11932377.2936	-13.6855795733	5.99952026291	24746706.506
	HARPS.2009-08-29T04:28:25.421_ccf_K5_A.fits		-13.6842333394	-0.0123170280374		-8456584.52078	-13.6842333394	5.99571688225	17524960.3624
	HARPS.2009-08-31T04:25:23.597_ccf_K5_A.fits		-13.6815344211	-0.0114985682781		-11118365.8261	-13.6815344211	6.00142870135	23065639.932
	HARPS.2009-09-03T04:42:01.541_ccf_K5_A.fits		-13.684647043	-0.0125007269298		-14557908.4557	-13.684647043	5.99929148933	30219413.1656
	HARPS.2009-09-21T04:05:40.988_ccf_K5_A.fits		-13.6834398247	-0.011974544314		-8516686.49495	-13.6834398247	6.01888446723	17705932.549
	HARPS.2009-09-22T03:43:23.097_ccf_K5_A.fits		-13.6823926527	-0.012134199511		-9342003.89852	-13.6823926527	6.01458870441	19402650.5918
	HARPS.2009-09-23T03:18:58.748_ccf_K5_A.fits		-13.6820436327	-0.0126001413388		-9096829.09947	-13.6820436327	6.02058916916	18909889.7559
	HARPS.2009-09-25T03:45:03.999_ccf_K5_A.fits		-13.6848982915	-0.0137112662906		-10700220.2598	-13.6848982915	6.00968250977	22217390.6521
	HARPS.2009-09-27T03:08:04.140_ccf_K5_A.fits		-13.6849583398	-0.0124068002502		-9062931.99617	-13.6849583398	6.02572040796	18853465.6453
	HARPS.2009-09-30T02:22:07.166_ccf_K5_A.fits		-13.681267584	-0.0126958948233		-6021762.07426	-13.681267584	6.02302468884	12522077.4785
	HARPS.2009-10-01T01:52:34.837_ccf_K5_A.fits		-13.6805530844	-0.0155994521412		-5205503.87372	-13.6805530844	6.02699562926	10830853.2371
	HARPS.2009-10-02T01:53:43.117_ccf_K5_A.fits		-13.6855979201	-0.0154172284119		-6658596.82598	-13.6855979201	6.02332673114	13870025.5951
	HARPS.2009-10-04T04:28:07.535_ccf_K5_A.fits		-13.6839153072	-0.0141510115166		-6147684.19303	-13.6839153072	6.0188155878	12788420.348
	HARPS.2009-10-06T02:50:00.547_ccf_K5_A.fits		-13.6920356081	-0.00859730219543		-1466475.42442	-13.6920356081	6.03221777482	3057325.37538
	HARPS.2009-10-07T04:32:21.096_ccf_K5_A.fits		-13.6851720761	-0.0131778048249		-11727519.7843	-13.6851720761	6.01113628241	24361971.0524
	HARPS.2009-10-09T02:07:10.316_ccf_K5_A.fits		-13.6853656745	-0.012913487674		-9647413.29386	-13.6853656745	6.00025660256	20003282.0941
	HARPS.2009-10-11T04:03:21.870_ccf_K5_A.fits		-13.6813471083	-0.0130761417008		-4197940.94295	-13.6813471083	6.00264557001	8705135.6463
	HARPS.2009-10-13T03:43:30.300_ccf_K5_A.fits		-13.684637461	-0.012914146833		-2704470.82138	-13.684637461	6.00600914397	5611774.36236
	HARPS.2009-10-17T02:36:34.548_ccf_K5_A.fits		-13.6854477058	-0.00859371370643		-11606457.1942	-13.6854477058	6.00696882881	24091988.0273
	HARPS.2009-10-18T01:24:27.489_ccf_K5_A.fits		-13.6870607787	-0.011627410146		-7974906.5272	-13.6870607787	6.0052580379	16540475.8199
	HARPS.2009-10-20T01:57:21.248_ccf_K5_A.fits		-13.6837922404	-0.0108256777087		-14695418.3013	-13.6837922404	6.00367500262	30490999.8447
	HARPS.2009-10-22T01:42:28.352_ccf_K5_A.fits		-13.6821613096	-0.00943132225275		-7999145.15063	-13.6821613096	6.00783576162	16598843.2007
	HARPS.2009-10-24T02:14:11.612_ccf_K5_A.fits		-13.6808641637	-0.0130544030663		-14249410.5842	-13.6808641637	6.00688483492	29577729.1502
	HARPS.2009-10-28T01:54:20.976_ccf_K5_A.fits		-13.6847210462	-0.0116992796095		-6457464.17748	-13.6847210462	6.006048049	13397255.3901
	HARPS.2009-10-31T01:03:01.969_ccf_K5_A.fits		-13.6830206876	-0.0122303171888		-18334886.0143	-13.6830206876	6.01487984248	38108568.4081
	HARPS.2009-11-01T02:24:01.444_ccf_K5_A.fits		-13.68131623	-0.011192134416		-10636500.729	-13.68131623	6.01564621753	22114120.1252
	HARPS.2009-11-03T02:32:10.575_ccf_K5_A.fits		-13.6814866234	-0.0130734849026		-15196138.3384	-13.6814866234	6.01373030821	31586539.5978
	HARPS.2009-11-05T01:05:34.373_ccf_K5_A.fits		-13.6831752364	-0.0138836004532		-16667895.7225	-13.6831752364	6.0166550041	34655563.0769
	HARPS.2009-11-08T01:54:43.597_ccf_K5_A.fits		-13.6814619133	-0.0152790409726		-5512345.44203	-13.6814619133	6.02207907806	11460687.4699
	HARPS.2009-11-16T01:17:08.054_ccf_K5_A.fits		-13.6829446434	-0.0142644395738		-11420565.5384	-13.6829446434	6.00872738585	23708463.4502
	HARPS.2009-11-19T01:12:16.150_ccf_K5_A.fits		-13.6832272677	-0.0124113148964		-6833797.91284	-13.6832272677	6.00343234775	14181143.207
	HARPS.2009-11-21T01:11:26.247_ccf_K5_A.fits		-13.6809663844	-0.010304045559		-9666903.7502	-13.6809663844	6.00374107552	20053512.6491
	HARPS.2009-11-22T01:03:24.616_ccf_K5_A.fits		-13.6824413565	-0.01156217569		-7285932.75902	-13.6824413565	6.00701435593	15114291.8025
	HARPS.2009-11-24T01:15:11.613_ccf_K5_A.fits		-13.6816521728	-0.0124624303382		-9891354.49266	-13.6816521728	6.00229249614	20519450.6348
	HARPS.2009-11-27T01:29:10.408_ccf_K5_A.fits		-13.6838499653	-0.0106381064862		-8411250.32581	-13.6838499653	6.0079546879	17460886.1906
	HARPS.2009-12-01T00:50:52.661_ccf_K5_A.fits		-13.684783515	-0.0104384073491		-15748154.4171	-13.684783515	6.00680574141	32694604.0191
	HARPS.2010-06-25T08:05:15.796_ccf_K5_A.fits		-13.6858269792	-0.0111500434452		-7794132.01692	-13.6858269792	6.00524912814	16175709.1555
	HARPS.2010-06-26T09:02:40.027_ccf_K5_A.fits		-13.6825675654	-0.00929243030732		-6949597.31675	-13.6825675654	6.0084915587	14431041.9914
	HARPS.2010-06-27T08:06:14.817_ccf_K5_A.fits		-13.6821897687	-0.0116740249778		-6724420.06566	-13.6821897687	6.00808055675	13964560.9395
	HARPS.2010-06-28T07:23:38.420_ccf_K5_A.fits		-13.6831807827	-0.0133610177011		-4796057.80269	-13.6831807827	6.01285526148	9963952.15253
	HARPS.2010-06-29T07:31:23.345_ccf_K5_A.fits		-13.6836320123	-0.0138661359307		-10783292.8966	-13.6836320123	6.00644376494	22390813.5191
	HARPS.2010-07-19T08:32:44.561_ccf_K5_A.fits		-13.6853308314	-0.0107949334019		-2060303.88833	-13.6853308314	6.01768121652	4279181.08664
	HARPS.2010-07-23T08:51:50.032_ccf_K5_A.fits		-13.685069085	-0.011290644058		-11881424.0427	-13.685069085	6.00639633713	24663792.1033
	HARPS.2010-07-24T06:31:53.674_ccf_K5_A.fits		-13.6841651089	-0.0124296031502		-3616428.61939	-13.6841651089	6.01813458814	7516446.31668
	HARPS.2010-07-25T06:47:11.099_ccf_K5_A.fits		-13.6798976514	-0.00830531429217		-950955.535421	-13.6798976514	6.01621749431	1980559.24583
	HARPS.2010-07-27T07:02:39.249_ccf_K5_A.fits		-13.6871359822	-0.0117993113177		-6840158.58953	-13.6871359822	6.00094385664	14189945.7905
	HARPS.2010-07-31T08:32:17.426_ccf_K5_A.fits		-13.6817595958	-0.0136411309062		-6990147.82986	-13.6817595958	6.0144834918	14524748.0548
	HARPS.2010-08-02T05:48:39.746_ccf_K5_A.fits		-13.6829983475	-0.0120836495148		-5589177.3657	-13.6829983475	6.00373024695	11596858.0631
	HARPS.2010-08-04T08:01:26.021_ccf_K5_A.fits		-13.6830207866	-0.0137943381648		-5202814.36972	-13.6830207866	6.00311628261	10799195.3478
	HARPS.2010-08-06T05:21:58.409_ccf_K5_A.fits		-13.6900597685	-0.0113353244347		-14308424.202	-13.6900597685	5.99600743354	29663554.4861
	HARPS.2010-08-19T06:01:44.218_ccf_K5_A.fits		-13.6809603354	-0.0112045294039		-9765449.10814	-13.6809603354	6.00053235625	20261597.1273
	HARPS.2010-08-20T05:38:22.943_ccf_K5_A.fits		-13.6828975774	-0.0106516384354		-7164078.4442	-13.6828975774	5.99376070118	14850184.9334
	HARPS.2010-08-27T04:46:57.062_ccf_K5_A.fits		-13.6866992634	-0.00985398664447		-8996803.74022	-13.6866992634	6.00345967078	18671450.8882
	HARPS.2010-08-28T03:15:51.425_ccf_K5_A.fits		-13.688569149	-0.0111545058891		-13756466.6142	-13.688569149	6.00425389306	28553150.4818
	HARPS.2010-08-29T03:25:32.754_ccf_K5_A.fits		-13.6876840159	-0.0124042870074		-12894196.5274	-13.6876840159	6.00239978805	26755961.1512
	HARPS.2010-08-30T05:23:29.143_ccf_K5_A.fits		-13.6849538622	-0.0115498471788		-12607933.0307	-13.6849538622	5.99962164021	26154251.3665
	HARPS.2010-08-31T04:26:02.750_ccf_K5_A.fits		-13.6835856703	-0.0103921369161		-14378220.9917	-13.6835856703	6.00541802734	29849006.8495
	HARPS.2010-09-04T04:05:47.403_ccf_K5_A.fits		-13.6854094132	-0.012740461617		-8882722.43099	-13.6854094132	6.01245736015	18452689.7282
	HARPS.2010-09-05T04:17:49.104_ccf_K5_A.fits		-13.6850841506	-0.010864650035		-10306599.8485	-13.6850841506	6.00461360477	21390718.0621
	HARPS.2010-09-07T05:38:53.125_ccf_K5_A.fits		-13.6827757348	-0.0103467442362		-8032429.21696	-13.6827757348	6.00725639301	16680102.8619
	HARPS.2010-09-11T05:30:38.582_ccf_K5_A.fits		-13.6840371587	-0.0128361569908		-6816969.25021	-13.6840371587	6.00524199073	14152712.1012
	HARPS.2010-09-15T04:12:33.908_ccf_K5_A.fits		-13.6809304843	-0.011277056147		-10992669.5088	-13.6809304843	5.99849095372	22795062.6157
	HARPS.2010-09-16T01:17:35.222_ccf_K5_A.fits		-13.6823314774	-0.00980141708801		-9053496.13501	-13.6823314774	6.00142297701	18775339.5458
	HARPS.2010-09-17T03:30:57.147_ccf_K5_A.fits		-13.6867290784	-0.0106276070982		-10200925.0799	-13.6867290784	6.00167442317	21160758.1477
	HARPS.2010-09-19T03:33:30.014_ccf_K5_A.fits		-13.6853838002	-0.0109495229958		-10878104.2013	-13.6853838002	6.00089052837	22566913.2908
	HARPS.2010-09-24T04:05:04.032_ccf_K5_A.fits		-13.6812913656	-0.00998704103758		-8920787.07383	-13.6812913656	6.01035376768	18527928.309
	HARPS.2010-10-11T01:52:47.320_ccf_K5_A.fits		-13.6843570223	-0.0108233190647		-12221875.4473	-13.6843570223	6.00299780602	25368490.8517
	HARPS.2010-10-13T02:50:40.291_ccf_K5_A.fits		-13.6825579378	-0.0120483738033		-6959154.17987	-13.6825579378	6.00863517736	14447678.9777
	HARPS.2010-10-14T00:50:05.702_ccf_K5_A.fits		-13.6806024921	-0.0113134488621		-4717805.69854	-13.6806024921	6.00817803481	9793704.01469
	HARPS.2010-10-15T02:06:23.722_ccf_K5_A.fits		-13.6813617291	-0.00989537594331		-7676935.48855	-13.6813617291	6.00394601767	15935482.48
	HARPS.2010-10-17T00:51:50.763_ccf_K5_A.fits		-13.6851735605	-0.0124893693168		-12150426.8872	-13.6851735605	6.00303379629	25202372.7878
	HARPS.2010-10-19T01:12:42.284_ccf_K5_A.fits		-13.6839711998	-0.0082510931637		-11587841.1689	-13.6839711998	6.00269748721	24076127.7682
	HARPS.2010-10-24T02:34:52.030_ccf_K5_A.fits		-13.6831559035	-0.00957477028494		-8308205.71945	-13.6831559035	6.00040838095	17235621.6775
	HARPS.2010-10-26T02:20:16.437_ccf_K5_A.fits		-13.6820271564	-0.00702540661454		-9102241.99256	-13.6820271564	5.99862254819	18878350.6334
	HARPS.2010-10-28T01:24:50.640_ccf_K5_A.fits		-13.6820250794	-0.00813651622737		-8909169.15205	-13.6820250794	5.99695205063	18468481.8849
	HARPS.2010-10-30T01:56:39.177_ccf_K5_A.fits		-13.6804579656	-0.0125870075821		-3615161.74399	-13.6804579656	6.00565793634	7497380.38763
	HARPS.2010-11-05T01:27:05.252_ccf_K5_A.fits		-13.6793703175	-0.00783444461612		-7958842.61176	-13.6793703175	6.00874596571	16526543.7704
	HARPS.2010-11-07T00:04:33.508_ccf_K5_A.fits		-13.6799733082	-0.0110205490082		-20593133.8119	-13.6799733082	6.00507247691	42766180.0477
	HARPS.2010-11-09T01:05:18.529_ccf_K5_A.fits		-13.6799779989	-0.0114075201878		-14029569.0082	-13.6799779989	6.00723150814	29152331.7261
	HARPS.2010-11-10T00:07:44.244_ccf_K5_A.fits		-13.6813903946	-0.0116438054947		-9802420.05741	-13.6813903946	6.00608683143	20371307.8837
	HARPS.2010-11-11T00:04:02.654_ccf_K5_A.fits		-13.6796474054	-0.0121754264338		-13452822.5688	-13.6796474054	6.00437761124	27947185.4888
	HARPS.2010-11-12T00:56:02.013_ccf_K5_A.fits		-13.6785118182	-0.0123925145011		-14293363.4211	-13.6785118182	6.0056776985	29697951.823
	HARPS.2010-11-13T01:23:38.915_ccf_K5_A.fits		-13.6794550575	-0.0131683472141		-5266951.21041	-13.6794550575	6.00716236672	10938913.2961
	HARPS.2010-11-22T00:27:14.668_ccf_K5_A.fits		-13.6817724617	-0.0154085359517		-7748051.62115	-13.6817724617	6.00358756437	16084252.5893
	HARPS.2010-11-23T00:37:25.272_ccf_K5_A.fits		-13.6817194312	-0.0112349590633		-5616521.02008	-13.6817194312	6.00441490635	11656634.8274
	HARPS.2010-11-24T01:02:33.446_ccf_K5_A.fits		-13.6832128211	-0.0117317129721		-7978005.01655	-13.6832128211	5.99731237975	16543599.9239
	HARPS.2010-12-07T00:51:13.963_ccf_K5_A.fits		-13.6819881861	-0.010190978316		-10970757.11	-13.6819881861	5.99837544	22750089.0709
	HARPS.2010-12-10T00:48:38.810_ccf_K5_A.fits		-13.6823935086	-0.0118124567051		-9622989.21215	-13.6823935086	6.0026275362	19961257.6063
	HARPS.2010-12-14T00:24:29.219_ccf_K5_A.fits		-13.6838582753	-0.0089001075495		-13335086.3968	-13.6838582753	6.00758314661	27713366.1855
	HARPS.2010-12-18T00:28:21.619_ccf_K5_A.fits		-13.6820981535	-0.0119841784246		-12029989.3809	-13.6820981535	6.00813260953	25007425.6209
	HARPS.2011-06-15T10:03:16.182_ccf_K5_A.fits		-13.6854377982	-0.00873606044902		-12381175.1853	-13.6854377982	6.00306166297	25704054.4998
	HARPS.2011-06-23T10:37:17.467_ccf_K5_A.fits		-13.6819102249	-0.0114356932195		-9511957.54086	-13.6819102249	6.00656783054	19765279.1906
	HARPS.2011-07-12T08:22:08.739_ccf_K5_A.fits		-13.6810777416	-0.0105459691817		-1461941.06796	-13.6810777416	6.00053711496	3036004.41467
	HARPS.2011-07-27T07:15:15.124_ccf_K5_A.fits		-13.685559775	-0.00866952252173		-11765302.5191	-13.685559775	5.99168682981	24390848.8508
	HARPS.2011-08-03T07:55:04.756_ccf_K5_A.fits		-13.6851065031	-0.0112078357275		-9251210.78577	-13.6851065031	5.99814483109	19193418.6683
	HARPS.2011-08-09T05:40:47.858_ccf_K5_A.fits		-13.6809436362	-0.010004134526		-7199710.70607	-13.6809436362	6.00108519867	14943375.5778
	HARPS.2011-08-11T07:41:42.934_ccf_K5_A.fits		-13.6825371376	-0.00989862355306		-11597816.7551	-13.6825371376	5.9948897755	24056207.7418
	HARPS.2011-08-30T03:19:55.645_ccf_K5_A.fits		-13.6811824566	-0.00768785055409		-1412498.95374	-13.6811824566	6.00269589921	2933188.04192
	HARPS.2011-08-31T06:12:57.894_ccf_K5_A.fits		-13.6818050708	-0.0085348673151		-4855449.1215	-13.6818050708	5.99300503327	10062466.9002
	HARPS.2011-09-01T03:41:00.637_ccf_K5_A.fits		-13.683598538	-0.00975202276146		-5622656.38856	-13.683598538	5.99092351803	11646908.8485
	HARPS.2011-09-02T05:26:29.315_ccf_K5_A.fits		-13.6831025309	-0.00827743817031		-7813579.66171	-13.6831025309	5.99289220642	16192147.8475
	HARPS.2011-09-03T04:38:07.458_ccf_K5_A.fits		-13.682292053	-0.00847683662845		-9546922.90265	-13.682292053	5.99508509273	19797272.3348
	HARPS.2011-09-04T05:05:40.671_ccf_K5_A.fits		-13.6835803947	-0.00855747204008		-2831521.87834	-13.6835803947	5.9957180286	5870009.01832
	HARPS.2011-09-05T05:00:38.643_ccf_K5_A.fits		-13.681871618	-0.00876229638708		-17544171.265	-13.681871618	5.99321566159	36382267.3751
	HARPS.2011-09-10T04:48:31.253_ccf_K5_A.fits		-13.6834081568	-0.00987005160275		-7130023.54259	-13.6834081568	5.99760878971	14796713.9117
	HARPS.2011-09-13T02:53:02.540_ccf_K5_A.fits		-13.6831415909	-0.00988024215134		-9579335.82769	-13.6831415909	5.99631643728	19874543.7756
	HARPS.2011-09-16T02:55:55.080_ccf_K5_A.fits		-13.6828649994	-0.0103693344795		-17094561.3625	-13.6828649994	5.99822187065	35461308.2556
	HARPS.2011-09-21T04:04:35.050_ccf_K5_A.fits		-13.6826464845	-0.0100360468295		-9096602.55244	-13.6826464845	6.00467652629	18882768.5192
	HARPS.2011-09-22T05:10:38.685_ccf_K5_A.fits		-13.6832352908	-0.00864431126495		-11000948.9569	-13.6832352908	5.99753052067	22817888.6426
	HARPS.2011-09-24T04:19:50.407_ccf_K5_A.fits		-13.6837852297	-0.0110974473062		-7439852.06156	-13.6837852297	5.99403818077	15419610.5597
	HARPS.2011-09-27T02:31:14.469_ccf_K5_A.fits		-13.6821981974	-0.00998035802325		-13137327.2215	-13.6821981974	5.99740764526	27252782.6128
	HARPS.2011-09-30T04:59:55.781_ccf_K5_A.fits		-13.6771745514	-0.00928846586143		-12621493.5525	-13.6771745514	5.99538536099	26177758.9455
	HARPS.2011-10-01T04:38:42.172_ccf_K5_A.fits		-13.6802533183	-0.0106409358215		-10180496.7774	-13.6802533183	5.99423705472	21113914.5394
	HARPS.2011-10-03T02:56:12.238_ccf_K5_A.fits		-13.6829088827	-0.00931157870649		-13834049.442	-13.6829088827	5.99333572371	28682122.6922
	HARPS.2011-10-05T04:21:58.740_ccf_K5_A.fits		-13.6825583627	-0.00822188648815		-7804093.77906	-13.6825583627	5.99553720261	16185273.6444
	HARPS.2011-10-07T01:53:08.871_ccf_K5_A.fits		-13.6823315948	-0.00863957950423		-14588146.6491	-13.6823315948	5.9941612118	30248008.2778
	HARPS.2011-10-09T04:26:34.765_ccf_K5_A.fits		-13.6837932594	-0.00951860554262		-11836237.2675	-13.6837932594	5.99574974386	24560106.5167
	HARPS.2011-10-11T02:04:26.003_ccf_K5_A.fits		-13.6824938262	-0.00816978468723		-5824059.40744	-13.6824938262	5.99449636827	12077279.8716
	HARPS.2011-11-05T02:24:37.892_ccf_K5_A.fits		-13.6820279846	-0.00900197440495		-7860585.89716	-13.6820279846	5.99378132179	16306200.2642
	HARPS.2011-11-07T02:13:31.384_ccf_K5_A.fits		-13.6820291721	-0.00966063730297		-7349823.62114	-13.6820291721	5.99576585148	15239037.5705
	HARPS.2011-11-09T02:19:19.451_ccf_K5_A.fits		-13.6827803214	-0.00859634420759		-4196757.63698	-13.6827803214	5.98995621812	8702325.86635
	HARPS.2011-11-14T02:01:55.162_ccf_K5_A.fits		-13.6810185895	-0.00804216378947		-4760363.22554	-13.6810185895	5.99255822284	9861260.11694
	HARPS.2011-11-15T01:50:02.844_ccf_K5_A.fits		-13.67968818	-0.00827366073825		-8986709.5507	-13.67968818	5.9921448699	18621517.9619
	HARPS.2011-11-21T01:54:39.737_ccf_K5_A.fits		-13.6790540773	-0.0091075157938		-4467809.94251	-13.6790540773	5.98886459695	9250707.56132
	HARPS.2011-11-27T01:40:28.684_ccf_K5_A.fits		-13.6812691225	-0.00846410944165		-5414379.11971	-13.6812691225	5.98720828461	11205573.1433
	HARPS.2011-11-30T01:20:59.504_ccf_K5_A.fits		-13.6833674863	-0.00730092503565		-11772321.178	-13.6833674863	5.99120861458	24388580.2432
	HARPS.2011-12-03T01:15:28.348_ccf_K5_A.fits		-13.6790585204	-0.00937190660175		-9705542.15669	-13.6790585204	5.99219395701	20126701.3892
	HARPS.2011-12-07T00:46:49.511_ccf_K5_A.fits		-13.6805027737	-0.00938617823312		-9291502.02738	-13.6805027737	5.99457181534	19272249.3197
	HARPS.2012-05-05T10:15:20.303_ccf_K5_A.fits		-13.6828865711	-0.0114855431635		-9815724.68118	-13.6828865711	5.99807678044	20385619.7548
	HARPS.2012-05-06T10:04:59.230_ccf_K5_A.fits		-13.6807469198	-0.00671999683371		-9734474.0585	-13.6807469198	5.99789397847	20215321.8539
	HARPS.2012-05-07T10:05:41.623_ccf_K5_A.fits		-13.682726136	-0.0119313058454		-6168520.2592	-13.682726136	5.99415504516	12806335.2189
	HARPS.2012-05-08T09:56:59.775_ccf_K5_A.fits		-13.6859938997	-0.00993955670675		-9803571.42365	-13.6859938997	5.99438748567	20343134.4257
	HARPS.2012-05-11T09:42:26.160_ccf_K5_A.fits		-13.6820905523	-0.00856688899596		-5986074.32945	-13.6820905523	5.99692598254	12423998.9906
	HARPS.2012-05-31T09:24:41.660_ccf_K5_A.fits		-13.686021053	-0.00590050740054		-7917689.27236	-13.686021053	5.99560183457	16426242.5116
	HARPS.2012-06-02T08:20:26.840_ccf_K5_A.fits		-13.6822713406	-0.00938556125991		-7288230.85655	-13.6822713406	5.9942476417	15126650.7391
	HARPS.2012-06-04T09:00:29.984_ccf_K5_A.fits		-13.680529755	-0.0095113101992		-2340699.77902	-13.680529755	6.00346636781	4876202.55676
	HARPS.2012-06-07T08:17:52.765_ccf_K5_A.fits		-13.6837684755	-0.010842472929		-6860226.85906	-13.6837684755	5.99778057331	14244021.17
	HARPS.2012-06-18T10:23:37.592_ccf_K5_A.fits		-13.6835960593	-0.00753336555804		-10674411.1877	-13.6835960593	5.99182419588	22144924.7929
	HARPS.2012-06-19T09:06:39.178_ccf_K5_A.fits		-13.6832761524	-0.00813935475438		-6126351.74517	-13.6832761524	5.99980784803	12726418.055
	HARPS.2012-07-07T08:11:03.301_ccf_K5_A.fits		-13.6801840441	-0.00937127019137		-4296220.43845	-13.6801840441	6.00161391049	8922928.75157
	HARPS.2012-07-09T07:59:58.496_ccf_K5_A.fits		-13.6811294437	-0.0083020158068		-12174237.7052	-13.6811294437	5.99243231599	25252861.1916
	HARPS.2012-07-11T09:28:56.883_ccf_K5_A.fits		-13.6869257702	-0.00810615819166		-8372210.35174	-13.6869257702	5.99971926511	17381831.7491
	HARPS.2012-07-13T07:57:42.282_ccf_K5_A.fits		-13.6834390627	-0.0131291486767		-2729079.62249	-13.6834390627	5.99277178819	5667290.22065
	HARPS.2012-08-11T06:53:43.797_ccf_K5_A.fits		-13.6828613766	-0.00908038578455		-4261910.04835	-13.6828613766	5.9976947934	8842008.72789
	HARPS.2012-08-19T05:29:32.743_ccf_K5_A.fits		-13.6832261906	-0.00727322915814		-6992759.92502	-13.6832261906	6.00077426358	14504586.8893
	HARPS.2012-08-21T06:44:49.635_ccf_K5_A.fits		-13.680276988	-0.00886115402389		-11109748.2985	-13.680276988	5.99392025986	23044729.8803
	HARPS.2012-08-27T04:34:33.115_ccf_K5_A.fits		-13.6845613109	-0.00895606331521		-8081948.0108	-13.6845613109	5.99311524052	16759762.4174
	HARPS.2012-08-29T05:20:06.563_ccf_K5_A.fits		-13.6759710014	-0.0104859161775		-5637916.31356	-13.6759710014	5.98990945207	11687052.3428
	HARPS.2012-09-01T02:33:05.115_ccf_K5_A.fits		-13.680467636	-0.00784891108817		-6517345.88307	-13.680467636	5.99114914411	13556874.7465
	HARPS.2012-09-03T05:23:07.579_ccf_K5_A.fits		-13.6788990493	-0.00965357128431		-4443635.88374	-13.6788990493	5.99308082097	9217076.11509
	HARPS.2012-09-10T05:42:56.684_ccf_K5_A.fits		-13.6806384055	-0.00896667850956		-7132355.68867	-13.6806384055	5.99361252935	14785786.7975
	HARPS.2012-09-12T03:29:16.471_ccf_K5_A.fits		-13.6824446389	-0.00640301012324		-4111286.37108	-13.6824446389	5.9902830023	8529624.64523
	HARPS.2012-09-16T04:04:47.635_ccf_K5_A.fits		-13.6823745895	-0.00516361619682		-11454155.3813	-13.6823745895	5.99415879991	23741741.201
	HARPS.2012-09-20T05:31:44.568_ccf_K5_A.fits		-13.6780847547	-0.00813277269664		-4691856.12045	-13.6780847547	5.99877227708	9732383.14167
	HARPS.2012-09-25T03:11:48.439_ccf_K5_A.fits		-13.6832526227	-0.00859465836541		-6513869.56836	-13.6832526227	5.9912618769	13504398.5541
	HARPS.2012-10-02T02:30:41.764_ccf_K5_A.fits		-13.6804460341	-0.00730223151215		-5868420.74809	-13.6804460341	5.99692026884	12181931.7739
	HARPS.2012-10-04T03:18:00.853_ccf_K5_A.fits		-13.6799615178	-0.00947535535559		-9008996.4024	-13.6799615178	5.98588996086	18656835.1025
	HARPS.2012-10-05T02:43:36.093_ccf_K5_A.fits		-13.6836248648	-0.00783984559259		-9543167.26807	-13.6836248648	5.98230171041	19745690.6046
	HARPS.2012-10-09T02:48:54.584_ccf_K5_A.fits		-13.6767154249	-0.00922428983736		-3841928.93716	-13.6767154249	5.99435937794	7958725.42558
	HARPS.2012-10-10T02:15:25.822_ccf_K5_A.fits		-13.6783202347	-0.00875845598905		-6102257.01855	-13.6783202347	5.99527593808	12647007.6598
	HARPS.2012-10-15T01:13:56.631_ccf_K5_A.fits		-13.67945739	-0.00830965595738		-3774710.09067	-13.67945739	5.99308549355	7821025.99307
	HARPS.2012-10-17T01:44:56.599_ccf_K5_A.fits		-13.6790553115	-0.0069337119489		-7457447.4165	-13.6790553115	5.99196812018	15453952.6856
	HARPS.2012-10-19T04:13:22.056_ccf_K5_A.fits		-13.6818647736	-0.00927223985246		-2675384.79903	-13.6818647736	5.99849246453	5551552.58662
	HARPS.2012-10-20T04:22:01.445_ccf_K5_A.fits		-13.682365325	-0.00526488148908		-9783224.62863	-13.682365325	5.99169050526	20277609.7168
	HARPS.2012-10-21T01:39:45.897_ccf_K5_A.fits		-13.6817343715	-0.0068875902487		-9729923.6426	-13.6817343715	5.9918928859	20167904.7032
	HARPS.2012-10-29T02:30:48.391_ccf_K5_A.fits		-13.6837160231	-0.009552802893		-7728732.05986	-13.6837160231	5.99662482592	16024918.0351
	HARPS.2012-11-03T01:20:53.624_ccf_K5_A.fits		-13.6807042552	-0.0105402665938		-12083896.6681	-13.6807042552	5.99659226321	25070651.5691
	HARPS.2012-11-05T01:34:19.929_ccf_K5_A.fits		-13.6837415986	-0.00922870667584		-9947065.12249	-13.6837415986	5.98981300153	20611058.0708
	HARPS.2012-11-07T01:24:01.739_ccf_K5_A.fits		-13.6808391014	-0.00898093245666		-12882810.8139	-13.6808391014	5.99321106784	26715730.1062
	HARPS.2012-11-08T01:08:58.334_ccf_K5_A.fits		-13.6810841706	-0.00864237458478		-8728977.0734	-13.6810841706	5.98968919722	18096798.3547
	HARPS.2012-11-16T02:03:51.859_ccf_K5_A.fits		-13.6792287278	-0.0107440835404		-12269378.6819	-13.6792287278	5.99009543577	25439813.793
	HARPS.2012-11-25T00:37:25.186_ccf_K5_A.fits		-13.6793023757	-0.00837786863048		-11958017.1313	-13.6793023757	5.99107544087	24796024.9546
	HARPS.2012-11-26T00:11:51.233_ccf_K5_A.fits		-13.681049177	-0.00795494301411		-13473088.9028	-13.681049177	5.98917108394	27938869.723
	HARPS.2012-11-26T23:59:56.603_ccf_K5_A.fits		-13.6809060527	-0.00722496323116		-10527208.3935	-13.6809060527	5.9877039824	21874451.7223
	HARPS.2012-11-27T23:59:59.832_ccf_K5_A.fits		-13.6805215493	-0.00819943037082		-7051621.01026	-13.6805215493	5.98677404964	14681066.6926
	HARPS.2012-12-01T00:30:50.344_ccf_K5_A.fits		-13.6814762872	-0.0112242863524		-5743803.3574	-13.6814762872	5.99032499646	11909241.0554
	HARPS.2012-12-02T01:12:30.827_ccf_K5_A.fits		-13.6833987849	-0.00837811610127		-7752758.17555	-13.6833987849	5.99357180628	16071739.2124
	HARPS.2012-12-08T00:48:34.850_ccf_K5_A.fits		-13.6805021769	-0.00811328539431		-7984331.60826	-13.6805021769	5.99787196463	16564396.962
	HARPS.2013-06-12T09:57:25.667_ccf_K5_A.fits		-13.6863323057	-0.00427460866955		-4149585.23008	-13.6863323057	5.99941806435	8611553.70222
	HARPS.2013-06-30T09:48:28.285_ccf_K5_A.fits		-13.6820029611	-0.00992371681861		-11468289.2906	-13.6820029611	5.99726375834	23789053.8653
	HARPS.2013-07-01T09:38:20.541_ccf_K5_A.fits		-13.6827429646	-0.0047246362872		-7835300.01343	-13.6827429646	5.99678569356	16253443.8149
	HARPS.2013-08-06T08:52:18.251_ccf_K5_A.fits		-13.6815300648	-0.00911854127878		-7062888.72297	-13.6815300648	5.99813072969	14649549.8093
	HARPS.2013-08-10T07:51:41.554_ccf_K5_A.fits		-13.6802590847	-0.0085321729417		-5998146.61907	-13.6802590847	5.99501638623	12430720.6087
	HARPS.2013-08-16T06:26:17.475_ccf_K5_A.fits		-13.6815162625	-0.00702582794665		-9953138.55285	-13.6815162625	5.99508327158	20630639.9859
	HARPS.2013-08-17T05:06:17.237_ccf_K5_A.fits		-13.6835142206	-0.00619074676685		-6339406.42061	-13.6835142206	5.99327706389	13141336.7142
	HARPS.2013-08-26T06:03:07.766_ccf_K5_A.fits		-13.6800144351	-0.00552574515703		-5358803.21798	-13.6800144351	5.99595533464	11113021.0
	HARPS.2013-09-01T04:48:52.812_ccf_K5_A.fits		-13.6801456408	-0.00696825314405		-5011442.19523	-13.6801456408	5.99412835814	10389990.6524
	HARPS.2013-09-03T04:24:22.083_ccf_K5_A.fits		-13.6796906914	-0.0047852439379		-7099028.63507	-13.6796906914	5.99374133998	14723313.2307
	HARPS.2013-09-29T03:40:13.658_ccf_K5_A.fits		-13.6804751407	-0.00693634171023		-12054125.9759	-13.6804751407	5.99245875065	24982636.2763
	HARPS.2013-10-03T02:08:16.916_ccf_K5_A.fits		-13.6793924901	-0.00735454532875		-8233333.34117	-13.6793924901	5.99257456236	17066059.1291
	HARPS.2013-10-20T04:15:16.778_ccf_K5_A.fits		-13.6790376011	-0.00715658795079		-7016791.85055	-13.6790376011	5.99681625235	14561658.2528
	HARPS.2013-10-21T01:34:08.117_ccf_K5_A.fits		-13.6799010899	-0.00665681425763		-8935990.84214	-13.6799010899	5.9956002464	18534807.1421
	HARPS.2013-10-25T02:14:19.872_ccf_K5_A.fits		-13.6796420143	-0.00772389841374		-7756144.73699	-13.6796420143	5.99958815215	16099596.4743
	HARPS.2013-10-27T01:06:14.077_ccf_K5_A.fits		-13.678464788	-0.0105961701707		-6803692.24814	-13.678464788	5.99783224799	14113230.3299
	HARPS.2013-11-03T01:25:21.022_ccf_K5_A.fits		-13.6797759546	-0.00817364829912		-6783350.42746	-13.6797759546	5.99422632954	14062787.5515
	HARPS.2013-11-06T01:15:04.643_ccf_K5_A.fits		-13.6823903555	-0.00611644820854		-14074693.3573	-13.6823903555	5.9930010768	29171407.8169
	HARPS.2013-11-14T00:21:50.255_ccf_K5_A.fits		-13.6799841117	-0.00702541435315		-13482614.8436	-13.6799841117	5.99259820914	27943789.6337
	HARPS.2013-11-16T00:23:26.078_ccf_K5_A.fits		-13.6779100188	-0.00737178853662		-7595617.61877	-13.6779100188	5.99256122675	15746263.7506
	HARPS.2013-11-20T00:00:42.088_ccf_K5_A.fits		-13.6789498273	-0.00683817154544		-6154684.10081	-13.6789498273	5.98918560767	12765361.0783
	HARPS.2013-11-22T00:21:34.833_ccf_K5_A.fits		-13.6780765158	-0.00742813692836		-10044864.6526	-13.6780765158	5.99187994845	20819024.8265
	HARPS.2014-05-16T10:09:39.261_ccf_K5_A.fits		-13.6822397008	-0.00992156318017		-8743231.63918	-13.6822397008	6.00009212525	18158769.4966
	HARPS.2014-06-08T08:52:30.047_ccf_K5_A.fits		-13.680268733	-0.00686749927449		-4793002.35568	-13.680268733	6.01033656391	9959028.17183
	HARPS.2014-06-22T09:31:27.480_ccf_K5_A.fits		-13.6822487475	-0.00835777538295		-8241146.37229	-13.6822487475	6.00028718557	17111514.4077
	HARPS.2014-07-20T09:12:42.678_ccf_K5_A.fits		-13.6812862074	-0.0092519003587		-10656269.92	-13.6812862074	6.00192965779	22131677.1085
	HARPS.2014-08-02T06:31:50.010_ccf_K5_A.fits		-13.6829302739	-0.00571366249377		-5670677.53753	-13.6829302739	6.00068713593	11769769.4229
	HARPS.2014-08-26T04:53:16.496_ccf_K5_A.fits		-13.6800864791	-0.00749965940917		-7529003.56662	-13.6800864791	6.00414199743	15633446.4084
	HARPS.2015-08-24T04:23:19.802_ccf_K5_A.fits		-13.6854186511	-0.0315862942575		-8422223.12992	-13.6854186511	6.02833370226	17568372.1669
	HARPS.2015-10-12T02:04:17.632_ccf_K5_A.fits		-13.6682996733	-0.0313451579349		-12659478.5024	-13.6682996733	6.03059923855	26416138.2885
	HARPS.2015-11-28T00:55:12.692_ccf_K5_A.fits		-13.6652470996	-0.0321444106435		-12119992.6358	-13.6652470996	6.03700905125	25304025.5762
	HARPS.2015-12-11T00:24:51.391_ccf_K5_A.fits		-13.666277123	-0.0338564630071		-15518126.3968	-13.666277123	6.03699450448	32399289.1922
	HARPS.2016-05-15T09:52:38.777_ccf_K5_A.fits		-13.6706885223	-0.0335867469593		-6832830.86697	-13.6706885223	6.04268873228	14278936.5953
	HARPS.2016-05-18T10:06:18.259_ccf_K5_A.fits		-13.6699623981	-0.0339080247066		-6515220.64675	-13.6699623981	6.04517199049	13617910.3882
	HARPS.2016-05-21T08:31:55.415_ccf_K5_A.fits		-13.6689247176	-0.0339733913943		-4351971.02307	-13.6689247176	6.04337011275	9099712.95835
	HARPS.2016-05-21T10:05:06.533_ccf_K5_A.fits		-13.6685982945	-0.0328087955282		-8377692.8706	-13.6685982945	6.04420536163	17506749.4882
	HARPS.2016-05-26T08:57:55.689_ccf_K5_A.fits		-13.6744434444	-0.0345285561017		-8500708.3823	-13.6744434444	6.04641992969	17770294.2834
	HARPS.2016-05-28T08:15:44.058_ccf_K5_A.fits		-13.6725385086	-0.0343268717409		-8797662.39386	-13.6725385086	6.04511787529	18387522.9663
	HARPS.2016-06-11T08:13:21.119_ccf_K5_A.fits		-13.6684187794	-0.0322167146821		-9178330.67283	-13.6684187794	6.04373926683	19183214.7014
	HARPS.2016-06-11T10:15:51.772_ccf_K5_A.fits		-13.6676340883	-0.033295649912		-7794182.07377	-13.6676340883	6.04370307462	16286584.6253
	HARPS.2016-06-28T07:16:37.658_ccf_K5_A.fits		-13.6675273951	-0.0349266512021		-13678375.305	-13.6675273951	6.05291465074	28615347.3207
	HARPS.2016-06-30T05:46:09.678_ccf_K5_A.fits		-13.6662803691	-0.0336449422475		-11094181.8331	-13.6662803691	6.05148711025	23211339.6935
	HARPS.2016-06-30T09:22:24.606_ccf_K5_A.fits		-13.667575561	-0.0323073997774		-6968877.04857	-13.667575561	6.05180794402	14574429.2361
	HARPS.2016-07-01T08:00:05.551_ccf_K5_A.fits		-13.6684885489	-0.0326356239812		-10495299.0427	-13.6684885489	6.05252443643	21957489.4814
	HARPS.2016-07-01T09:08:40.633_ccf_K5_A.fits		-13.6683093863	-0.033648267637		-8782358.02999	-13.6683093863	6.05163999334	18369857.4573
	HARPS.2016-07-15T06:14:14.245_ccf_K5_A.fits		-13.671470625	-0.0344215262731		-9057401.91582	-13.671470625	6.04843579308	18934422.8698
	HARPS.2016-07-15T08:56:59.283_ccf_K5_A.fits		-13.6741910072	-0.0344793736357		-9021873.06306	-13.6741910072	6.0486654158	18859979.0529
	HARPS.2016-07-17T05:13:51.550_ccf_K5_A.fits		-13.6712524409	-0.0336740054763		-12675671.6805	-13.6712524409	6.05143512263	26510076.9084
	HARPS.2016-07-17T09:43:53.850_ccf_K5_A.fits		-13.6719798425	-0.0346374871934		-13721073.1411	-13.6719798425	6.05144282886	28693668.2893
	HARPS.2016-08-04T04:09:15.635_ccf_K5_A.fits		-13.6699639662	-0.0345988987406		-14808272.34	-13.6699639662	6.05022632325	30982267.8761
	HARPS.2016-08-04T06:48:03.559_ccf_K5_A.fits		-13.6696339716	-0.0343971112149		-15740250.2805	-13.6696339716	6.04994150966	32925796.7495
	HARPS.2016-08-05T05:09:10.846_ccf_K5_A.fits		-13.6685086529	-0.0334058699793		-8394744.22751	-13.6685086529	6.048391602	17557190.5923
	HARPS.2016-08-05T09:11:43.092_ccf_K5_A.fits		-13.6680988774	-0.0324207322757		-9522580.99427	-13.6680988774	6.05136721151	19929188.1944
	HARPS.2016-08-06T05:52:49.301_ccf_K5_A.fits		-13.6708032024	-0.0358254443259		-3647095.64988	-13.6708032024	6.04625445043	7627487.02414
	HARPS.2016-08-06T08:54:51.404_ccf_K5_A.fits		-13.6706106473	-0.0360148988272		-5025031.93479	-13.6706106473	6.04597265221	10504677.4858
	HARPS.2016-08-07T05:02:53.621_ccf_K5_A.fits		-13.6698912042	-0.0347832621162		-6488244.32059	-13.6698912042	6.04723703703	13570635.8093
	HARPS.2016-08-07T08:53:03.314_ccf_K5_A.fits		-13.6700829865	-0.0344409657293		-10357225.8722	-13.6700829865	6.0457083936	21661006.5528
	HARPS.2016-08-08T04:57:58.107_ccf_K5_A.fits		-13.6683530239	-0.0331021412843		-6798977.57675	-13.6683530239	6.05003917054	14222610.9934
	HARPS.2016-08-08T08:16:49.772_ccf_K5_A.fits		-13.6697441322	-0.0351413351596		-10507046.4694	-13.6697441322	6.04745610106	21978677.1269
	HARPS.2016-08-12T05:44:31.548_ccf_K5_A.fits		-13.6692067969	-0.0345387033706		-13249271.0981	-13.6692067969	6.04932455447	27720675.7692
	HARPS.2016-08-12T08:34:51.650_ccf_K5_A.fits		-13.6684430443	-0.0361384222148		-11723546.8139	-13.6684430443	6.05158350393	24537732.9222
	HARPS.2016-08-13T05:13:58.417_ccf_K5_A.fits		-13.6669291152	-0.0353773014472		-14138994.4733	-13.6669291152	6.05026694938	29588464.6016
	HARPS.2016-08-13T08:46:35.460_ccf_K5_A.fits		-13.6664204769	-0.0363831032979		-15457933.7057	-13.6664204769	6.05289550596	32357992.1548
	HARPS.2016-08-14T04:24:07.284_ccf_K5_A.fits		-13.6686470864	-0.036414064682		-12733797.7288	-13.6686470864	6.05144824967	26643785.1248
	HARPS.2016-08-14T08:15:48.462_ccf_K5_A.fits		-13.6678605176	-0.0360584604856		-14843227.1992	-13.6678605176	6.05208785506	31056095.2188
	HARPS.2016-08-15T04:13:29.326_ccf_K5_A.fits		-13.6680680371	-0.036353398259		-11762825.7681	-13.6680680371	6.05296533953	24612506.0733
	HARPS.2016-08-15T07:33:20.866_ccf_K5_A.fits		-13.6687443916	-0.0356926595592		-16124669.2733	-13.6687443916	6.05398688856	33746475.4893
	HARPS.2016-08-21T05:54:36.851_ccf_K5_A.fits		-13.6712415021	-0.035962966526		-7053484.54115	-13.6712415021	6.05489111187	14762874.74
	HARPS.2016-08-21T08:34:19.527_ccf_K5_A.fits		-13.6719655066	-0.0374043495712		-6352369.75292	-13.6719655066	6.05376718697	13296940.6748
	HARPS.2016-08-22T06:39:11.923_ccf_K5_A.fits		-13.6705818104	-0.0327131011436		-6349405.88678	-13.6705818104	6.05890171412	13290029.0509
	HARPS.2016-08-22T08:31:18.504_ccf_K5_A.fits		-13.672315201	-0.0366841553285		-8701500.09667	-13.672315201	6.05488422546	18217378.4204
	HARPS.2016-08-23T05:45:43.538_ccf_K5_A.fits		-13.6715916965	-0.0359513972752		-13774341.7575	-13.6715916965	6.05600170697	28823528.3786
	HARPS.2016-08-23T08:05:45.207_ccf_K5_A.fits		-13.6716638057	-0.0359866957681		-8436059.34758	-13.6716638057	6.05488255729	17651762.9368
	HARPS.2016-08-24T05:48:39.309_ccf_K5_A.fits		-13.6709649976	-0.0372142057524		-6145030.47157	-13.6709649976	6.05575875461	12854537.0136
	HARPS.2016-08-25T06:02:23.042_ccf_K5_A.fits		-13.6675881504	-0.03505775752		-13278518.8133	-13.6675881504	6.0546689725	27785183.8729
	HARPS.2016-08-25T08:14:08.879_ccf_K5_A.fits		-13.6666598018	-0.0324459254616		-13135311.0795	-13.6666598018	6.0572841479	27490878.518
	HARPS.2016-08-26T05:23:26.252_ccf_K5_A.fits		-13.6682211766	-0.0404291324871		-4109897.62924	-13.6682211766	6.05595836746	8598273.81039
	HARPS.2016-08-26T06:43:05.266_ccf_K5_A.fits		-13.6692315497	-0.0334486878425		-8202809.09924	-13.6692315497	6.05491208303	17163345.0049
	HARPS.2016-08-29T03:46:42.077_ccf_K5_A.fits		-13.6722669148	-0.0363222616598		-2816503.27282	-13.6722669148	6.052262034	5892702.09761
	HARPS.2016-08-29T05:42:38.915_ccf_K5_A.fits		-13.6721643943	-0.0354147351349		-7746065.09933	-13.6721643943	6.05544936606	16205502.289
	HARPS.2016-08-30T03:22:44.491_ccf_K5_A.fits		-13.6710015283	-0.0352940857296		-14719302.8699	-13.6710015283	6.05322246844	30798959.588
	HARPS.2016-08-30T05:35:12.324_ccf_K5_A.fits		-13.6709242468	-0.036335024671		-12730418.9799	-13.6709242468	6.05524541372	26641404.1212
	HARPS.2016-08-31T04:01:35.865_ccf_K5_A.fits		-13.6704969628	-0.0348023474499		-9149932.12287	-13.6704969628	6.05089220375	19138323.6468
	HARPS.2016-08-31T06:35:18.283_ccf_K5_A.fits		-13.6702791406	-0.0351974251887		-14926712.5957	-13.6702791406	6.05482592235	31244027.3866
	HARPS.2016-09-01T03:07:34.731_ccf_K5_A.fits		-13.6714158281	-0.0348820845364		-13018338.8597	-13.6714158281	6.05643891598	27246108.8925
	HARPS.2016-09-01T06:09:11.935_ccf_K5_A.fits		-13.6710885574	-0.0344765248717		-11330247.4122	-13.6710885574	6.05231061241	23708921.3399
	HARPS.2016-09-10T01:59:00.863_ccf_K5_A.fits		-13.6755020982	-0.0353446422313		-6589934.17077	-13.6755020982	6.05570386295	13792010.2307
	HARPS.2016-09-10T06:16:07.327_ccf_K5_A.fits		-13.6739115525	-0.0351860791114		-11418644.1325	-13.6739115525	6.0585046979	23911277.0041
	HARPS.2016-09-11T02:28:48.594_ccf_K5_A.fits		-13.6713796639	-0.0343944906251		-9443873.28333	-13.6713796639	6.05822478657	19767410.0112
	HARPS.2016-09-11T06:08:43.594_ccf_K5_A.fits		-13.6708220433	-0.0345717796528		-9949167.0761	-13.6708220433	6.05878693845	20828202.6882
	HARPS.2016-09-12T02:15:57.657_ccf_K5_A.fits		-13.6696564289	-0.0346449638041		-6534556.80135	-13.6696564289	6.06176385341	13685698.5924
	HARPS.2016-09-12T05:14:23.601_ccf_K5_A.fits		-13.6693382092	-0.0337828066083		-10109845.1489	-13.6693382092	6.06128165623	21173561.8725
	HARPS.2016-09-13T02:33:48.615_ccf_K5_A.fits		-13.6673218987	-0.0367291222555		-4752423.69976	-13.6673218987	6.06458764778	9958993.14911
	HARPS.2016-09-13T06:50:36.733_ccf_K5_A.fits		-13.6675268372	-0.0357138350606		-8949949.92245	-13.6675268372	6.06411089722	18752011.5693
	HARPS.2016-09-17T02:57:15.212_ccf_K5_A.fits		-13.6630946303	-0.0389736604465		-10266376.6551	-13.6630946303	6.07138931446	21532163.1177
	HARPS.2016-09-17T04:58:19.755_ccf_K5_A.fits		-13.6649356063	-0.0358311971911		-14248248.1002	-13.6649356063	6.0715498345	29888552.2597
	HARPS.2016-09-18T01:42:47.030_ccf_K5_A.fits		-13.6629378907	-0.036549273411		-6451127.00388	-13.6629378907	6.06748270265	13529853.6647
	HARPS.2016-09-18T03:54:35.770_ccf_K5_A.fits		-13.6624685116	-0.0370290898465		-6971347.39155	-13.6624685116	6.06914651477	14619698.1333
	HARPS.2016-09-19T00:39:17.543_ccf_K5_A.fits		-13.6649657314	-0.0355626541896		-11308713.5253	-13.6649657314	6.07357973859	23716748.9793
	HARPS.2016-09-19T05:00:38.179_ccf_K5_A.fits		-13.6667751763	-0.03489616499		-12235013.208	-13.6667751763	6.07305305673	25666862.393
	HARPS.2016-09-20T01:43:06.979_ccf_K5_A.fits		-13.6681456411	-0.0353685520038		-11037624.2055	-13.6681456411	6.07180696419	23145607.089
	HARPS.2016-09-20T05:07:36.311_ccf_K5_A.fits		-13.6679968722	-0.0385305687174		-12412760.2639	-13.6679968722	6.07341511548	26036192.3735
	HARPS.2016-09-21T02:47:40.845_ccf_K5_A.fits		-13.6681341871	-0.0373085058517		-10069395.9017	-13.6681341871	6.07167586798	21120605.825
	HARPS.2016-09-21T05:19:42.210_ccf_K5_A.fits		-13.6677008516	-0.0376708453851		-12450538.1701	-13.6677008516	6.07563623027	26119520.4015
	HARPS.2016-09-22T04:03:52.440_ccf_K5_A.fits		-13.669102194	-0.037442334308		-6444892.05826	-13.669102194	6.07213407037	13516799.4755
	HARPS.2016-09-22T06:06:26.827_ccf_K5_A.fits		-13.6682052978	-0.0375758874907		-15193148.3556	-13.6682052978	6.07477597357	31876181.2953
	HARPS.2016-09-23T00:59:54.358_ccf_K5_A.fits		-13.6648517314	-0.0374139737529		-9071515.83239	-13.6648517314	6.07569538684	19034163.3381
	HARPS.2016-09-23T03:51:25.718_ccf_K5_A.fits		-13.6640234436	-0.0384309365884		-4930370.72857	-13.6640234436	6.07217182063	10339778.4834
	HARPS.2016-09-24T02:45:27.340_ccf_K5_A.fits		-13.6659854812	-0.038964617194		-5780254.7768	-13.6659854812	6.073599805	12124046.1581
	HARPS.2016-09-24T06:03:37.643_ccf_K5_A.fits		-13.6651408957	-0.0388582859236		-9673103.23692	-13.6651408957	6.07300667632	20290936.1497
	HARPS.2016-09-25T01:37:54.278_ccf_K5_A.fits		-13.6668925825	-0.0368555847483		-10192712.0508	-13.6668925825	6.06985806979	21374642.5377
	HARPS.2016-09-25T04:06:27.178_ccf_K5_A.fits		-13.6660208901	-0.0397782996236		-10660476.0931	-13.6660208901	6.07177360527	22354048.1534
	HARPS.2016-09-26T03:14:43.818_ccf_K5_A.fits		-13.6685779938	-0.0375792266481		-12575618.1427	-13.6685779938	6.0687945926	26366586.8383
	HARPS.2016-09-26T05:48:21.446_ccf_K5_A.fits		-13.6691906664	-0.0393260269378		-8558520.71368	-13.6691906664	6.0719431673	17941052.786
	HARPS.2016-09-27T02:04:44.784_ccf_K5_A.fits		-13.6690778665	-0.0386973659067		-10924787.1228	-13.6690778665	6.06623169162	22900669.8228
	HARPS.2016-09-27T05:51:55.471_ccf_K5_A.fits		-13.6697032264	-0.0381796120655		-9940865.16744	-13.6697032264	6.0672571361	20835272.4928
	HARPS.2016-09-28T02:44:37.982_ccf_K5_A.fits		-13.6690077087	-0.0376641505826		-7603143.38284	-13.6690077087	6.06486070204	15933154.9831
	HARPS.2016-09-28T05:27:25.004_ccf_K5_A.fits		-13.6678999432	-0.0377830390929		-11874985.3087	-13.6678999432	6.06695960516	24887490.9433
