# Wrap-up of analysis.
#	 filename 		 BJD 		 RV 		BIS		BIS-		BIS+		biGauss		Vasy		Vspan		FWHM		
	HARPS.2003-06-18T10:10:19.313_ccf_K5_A.fits		2452808.9307606202		-13.6815361514		0.0133037056223		0.0058696851488		0.0214134068345		-0.0146846670952		-18.1071461577		0.0080490175422		5.99432465397
	HARPS.2003-12-15T01:40:35.412_ccf_K5_A.fits		2452988.5733685000		-13.6795241658		0.014782229825		0.00524600433318		0.0253929418563		-0.0170497750254		-18.2863283073		0.00910155559325		5.9848638148
	HARPS.2004-05-15T08:04:11.682_ccf_K5_A.fits		2453140.8399492698		-13.6829995672		0.00942288092032		0.00439528685688		0.0159032076553		-0.0103400393924		-17.9854041277		0.0052996758132		5.99042633274
	HARPS.2004-10-10T02:38:26.465_ccf_K5_A.fits		2453288.6197443898		-13.6801604621		0.00923087995749		0.00392127269338		0.0156927942215		-0.0106863690027		-17.9621383218		0.00556474755647		5.98037616823
	HARPS.2006-11-09T01:36:15.074_ccf_K5_A.fits		2454048.5744488798		-13.6790419034		0.00975560405367		0.00239652686089		0.0189909690191		-0.0102391258285		-17.9626859856		0.00504284687975		5.9765031366
	HARPS.2008-08-21T07:29:51.804_ccf_K5_A.fits		2454699.8231154499		-13.6813585368		0.00958602015936		0.00284085760257		0.0182355587548		-0.0107845152401		-17.9568039139		0.00543138301789		5.99635827587
	HARPS.2008-08-22T06:36:17.187_ccf_K5_A.fits		2454700.7861414999		-13.6844282412		0.00993013466087		0.00395650094685		0.017542046179		-0.0114555374217		-17.9681685341		0.00576675708927		5.99237498291
	HARPS.2008-08-23T06:42:52.763_ccf_K5_A.fits		2454701.7904166598		-13.6831784105		0.0109294519356		0.00435680715707		0.020132911357		-0.0116413755723		-18.0355516206		0.00590278736013		5.99555873548
	HARPS.2008-08-24T06:34:40.185_ccf_K5_A.fits		2454702.7853729101		-13.6807833057		0.0100354898592		0.00127573898914		0.0208945072561		-0.0112881072509		-17.977053212		0.00542046515908		5.99734591685
	HARPS.2008-08-25T06:27:04.942_ccf_K5_A.fits		2454703.7793668602		-13.680809004		0.0113561456402		0.00357163465025		0.0201660113981		-0.0121939628735		-17.987239398		0.00625136223816		5.99617800821
	HARPS.2008-08-26T06:18:23.520_ccf_K5_A.fits		2454704.7733475999		-13.6796189319		0.010612383296		0.00351069044645		0.0195183886348		-0.0117296227081		-17.9552517433		0.00611835227774		5.99692600075
	HARPS.2008-08-27T06:46:27.164_ccf_K5_A.fits		2454705.7934843102		-13.6799192427		0.00942905137693		0.00183164233322		0.019733971386		-0.0112001619796		-17.9952708469		0.00488216165611		5.99520390279
	HARPS.2008-08-28T04:58:13.902_ccf_K5_A.fits		2454706.7177968901		-13.6819484052		0.0145571715543		0.00584886438932		0.0237639752714		-0.0153410704437		-18.0111632154		0.00891394926989		5.99836236901
	HARPS.2008-08-28T05:13:46.606_ccf_K5_A.fits		2454706.7279589898		-13.6815183713		0.00494961867888		-0.00327201186914		0.015552165202		-0.00945910213377		-17.7870753499		0.0024500573056		6.00031107987
	HARPS.2008-08-29T06:09:47.438_ccf_K5_A.fits		2454707.7677105302		-13.6837004498		0.00799693700861		0.00274674164372		0.0146334878175		-0.00917959642298		-17.9394985257		0.00402033339372		5.98746826509
	HARPS.2008-08-30T05:02:53.342_ccf_K5_A.fits		2454708.7210479202		-13.6846177056		0.00959196910538		0.00383376277887		0.0172040386902		-0.00986643274023		-17.9574065038		0.00548007527601		5.98862796429
	HARPS.2008-08-31T05:10:32.494_ccf_K5_A.fits		2454709.7265713802		-13.684283881		0.00996540893822		0.00239731007557		0.0195443939151		-0.0118139469567		-18.0723413434		0.00568278911803		5.99001584783
	HARPS.2008-09-01T05:14:26.967_ccf_K5_A.fits		2454710.7297204500		-13.6828223898		0.00813233839636		0.00268030878871		0.0147629045339		-0.00907069886269		-17.9715429192		0.00449350675453		5.98644129353
	HARPS.2008-09-11T03:47:42.958_ccf_K5_A.fits		2454720.6690593399		-13.6836699358		0.00696130672145		0.00127823975698		0.0138805154739		-0.00697649130914		-17.9272384622		0.00333221052722		5.98144880084
	HARPS.2008-09-12T02:24:02.933_ccf_K5_A.fits		2454721.6104318602		-13.684705261		0.0091501606427		0.00322235137304		0.0163295783647		-0.00860230492668		-18.018210272		0.00462312264758		5.98647911785
	HARPS.2008-09-21T04:58:49.837_ccf_K5_A.fits		2454730.7183234598		-13.6831220255		0.00856787511143		0.00283335156083		0.0174015472045		-0.010703794029		-17.9886338155		0.00488900571076		5.99252735284
	HARPS.2008-09-22T04:10:11.597_ccf_K5_A.fits		2454731.6842977600		-13.6840255051		0.00881039020596		0.00313248268684		0.0160328995091		-0.0102846665493		-17.9591933843		0.00466376399263		5.98905120381
	HARPS.2008-09-23T04:23:29.895_ccf_K5_A.fits		2454732.6937180599		-13.6834994642		0.00797816115934		0.00229432924		0.0143560190728		-0.0102232893119		-17.9020218905		0.00522556664434		5.9910689655
	HARPS.2008-09-24T04:55:50.996_ccf_K5_A.fits		2454733.7160413498		-13.6818388806		0.00841363121625		0.00260812470743		0.0158307394043		-0.00996156041373		-17.9266650985		0.00477150480702		5.99268570922
	HARPS.2008-09-25T04:15:31.893_ccf_K5_A.fits		2454734.6875779401		-13.679893586		0.00903476505061		0.00263007111673		0.0169121259719		-0.0101300647628		-17.9162498714		0.00568766395807		5.99627332138
	HARPS.2008-09-28T03:34:01.903_ccf_K5_A.fits		2454737.6589587298		-13.6841660511		0.00934270941762		0.00350456511526		0.015138268676		-0.0098981800272		-17.9804751299		0.00532777257891		5.99650763132
	HARPS.2008-10-03T03:38:20.933_ccf_K5_A.fits		2454742.6607566299		-13.6835980027		0.00996327705968		0.002335303927		0.0189546310057		-0.0107001088963		-18.0446134473		0.00530825306176		5.99077618231
	HARPS.2008-10-04T02:46:09.604_ccf_K5_A.fits		2454743.6257409099		-13.6839772197		0.0103358644123		0.00301015744749		0.018826540923		-0.0121008972742		-18.0346683483		0.0061147160813		5.99152589544
	HARPS.2008-10-06T02:14:10.008_ccf_K5_A.fits		2454745.6033069100		-13.6814066573		0.00864830385236		0.00330611257028		0.0150362248423		-0.0096080727561		-17.9743653587		0.00486163214567		5.99187038574
	HARPS.2008-10-07T02:38:22.842_ccf_K5_A.fits		2454746.6199623700		-13.682407006		0.00929896747397		0.00340991202217		0.0173247234469		-0.0105959218027		-17.9786820836		0.00497690059204		5.99045009305
	HARPS.2008-10-14T03:22:08.333_ccf_K5_A.fits		2454753.6501277201		-13.6832341079		0.00736594521568		0.00362437059571		0.0124076749109		-0.00845462881394		-17.9029872185		0.00413809642274		5.99455178524
	HARPS.2008-10-15T02:23:11.066_ccf_K5_A.fits		2454754.6090098801		-13.6840689753		0.00987396374865		0.00285694867039		0.0179955609894		-0.0110267645189		-17.9626472184		0.00555429770854		5.99402712145
	HARPS.2008-10-16T04:52:13.701_ccf_K5_A.fits		2454755.7127650999		-13.6839994667		0.00688287123103		0.00139764143348		0.0132730571376		-0.00900455962683		-17.8898693599		0.00412054748894		5.9969346599
	HARPS.2008-10-19T02:44:46.632_ccf_K5_A.fits		2454758.6236227602		-13.6824213691		0.0107793005847		0.00321440748045		0.0203609791631		-0.0113974253978		-17.9399555923		0.0058940129457		5.98942895371
	HARPS.2008-10-20T02:55:26.891_ccf_K5_A.fits		2454759.6310602599		-13.6820725343		0.00779713334843		0.00179137210844		0.0157984295805		-0.00901077562333		-17.9338190731		0.00428185035009		5.98746084958
	HARPS.2008-10-21T02:33:14.633_ccf_K5_A.fits		2454760.6155700502		-13.6855413499		0.00898676389828		0.00266121863975		0.0166522476022		-0.0102155226906		-17.9629230867		0.00464682209757		5.99327103401
	HARPS.2008-10-22T03:16:52.181_ccf_K5_A.fits		2454761.6455729199		-13.683774085		0.00755617389355		0.00110675337451		0.0156512287789		-0.00889413561932		-17.909790868		0.00352500843634		5.99214203625
	HARPS.2008-10-23T01:18:53.243_ccf_K5_A.fits		2454762.5637777001		-13.6822420065		0.0103019288666		0.0037553028286		0.0179393834974		-0.0121160194073		-17.9624186873		0.00632739762956		5.98946798691
	HARPS.2008-10-24T00:49:11.402_ccf_K5_A.fits		2454763.5429721102		-13.6838405435		0.00906634431173		0.0045461161925		0.0144769057327		-0.00946747416862		-17.9326455038		0.00471755186632		5.99656764085
	HARPS.2008-10-25T00:53:29.433_ccf_K5_A.fits		2454764.5454622302		-13.6822388464		0.00951964086057		0.00483323705564		0.0147211713236		-0.0100966701019		-17.9892955004		0.00446972702962		6.00051414917
	HARPS.2008-10-26T01:27:04.845_ccf_K5_A.fits		2454765.5690259598		-13.6838830633		0.00522807599544		0.00390914421262		0.00754168483903		-0.00602431553458		-17.9062833976		0.00184595320166		6.00116715222
	HARPS.2008-10-27T02:15:39.739_ccf_K5_A.fits		2454766.6026803600		-13.6835765966		0.0072669338254		0.00381231296387		0.0116035598226		-0.00840554255294		-17.8708486304		0.00472187912069		6.00102979973
	HARPS.2008-11-04T00:52:19.885_ccf_K5_A.fits		2454774.5441300198		-13.684812514		0.00891906700885		0.00353695765666		0.0157240962146		-0.00950357449263		-17.9517610882		0.00457320860828		5.99677798466
	HARPS.2008-11-05T03:06:05.266_ccf_K5_A.fits		2454775.6371339699		-13.6820821765		0.0116969788905		0.0046749844285		0.0181246231876		-0.0129739184552		-17.9552871406		0.00762714713025		6.00124652659
	HARPS.2008-11-06T00:49:44.831_ccf_K5_A.fits		2454776.5423646802		-13.6817058409		0.0106126107826		0.00480845663936		0.0163891369275		-0.0109182293968		-17.9565087243		0.00609749770658		5.99932179808
	HARPS.2008-11-07T01:36:22.413_ccf_K5_A.fits		2454777.5747590801		-13.6821538605		0.00895194073923		0.00382928262203		0.0142997926757		-0.00996425726359		-17.964441828		0.00533882566193		6.00157127219
	HARPS.2008-11-08T00:49:35.633_ccf_K5_A.fits		2454778.5419735201		-13.6800804369		0.0100941041932		0.00407333815311		0.0186325924697		-0.0111091586803		-17.9933194305		0.00562257897684		5.99694287654
	HARPS.2008-11-09T01:01:13.833_ccf_K5_A.fits		2454779.5497391000		-13.682018229		0.00994373345078		0.00254031993146		0.0196696236134		-0.0115482825521		-18.0672391373		0.00506176787092		5.99961476996
	HARPS.2008-11-10T00:48:41.902_ccf_K5_A.fits		2454780.5411629402		-13.6810698		0.0111282565231		0.00416007529518		0.0194115300604		-0.0121012537062		-18.0096158754		0.00642456824428		6.00017987794
	HARPS.2008-11-29T00:08:44.908_ccf_K5_A.fits		2454799.5111333202		-13.6798590317		0.00922784943366		0.00366554551888		0.0172263464125		-0.00947952367317		-17.9052730387		0.00530416918571		5.99982248721
	HARPS.2008-11-30T00:16:39.538_ccf_K5_A.fits		2454800.5173745700		-13.6832923099		0.00857171000573		0.00280384050133		0.016487243633		-0.0098707356427		-17.9322407735		0.00460039103244		5.9996519361
	HARPS.2008-12-01T00:59:40.141_ccf_K5_A.fits		2454801.5466111400		-13.6828191906		0.0089828521846		0.0030797547885		0.0163425174398		-0.0106065559087		-17.9606858596		0.00510021370627		5.99801822817
	HARPS.2008-12-02T01:22:12.308_ccf_K5_A.fits		2454802.5621569399		-13.6827182622		0.0110642380103		0.00387196002172		0.0199261589749		-0.0116484651942		-18.024505244		0.0059035897832		5.99997592771
	HARPS.2008-12-03T00:58:19.260_ccf_K5_A.fits		2454803.5454722098		-13.6822247318		0.00862625462789		0.00288888410003		0.0160670551384		-0.00972849575813		-17.874832778		0.00505176886489		6.00035585343
	HARPS.2008-12-04T01:01:07.702_ccf_K5_A.fits		2454804.5474314699		-13.6829650374		0.0103470325036		0.0037606238455		0.0190579287981		-0.0113980205748		-17.9278790204		0.00642533928352		6.00078724587
	HARPS.2008-12-05T01:13:56.116_ccf_K5_A.fits		2454805.5560105201		-13.6830565247		0.00965738388697		0.00216281424712		0.0186963622159		-0.0103412480115		-17.9582606123		0.00509215314966		6.00254965461
	HARPS.2008-12-06T00:50:04.275_ccf_K5_A.fits		2454806.5394417401		-13.6843912339		0.0105102373587		0.00545031960237		0.0173845649104		-0.0109778517523		-17.9725129266		0.00572631604662		5.99963077782
	HARPS.2009-05-03T10:09:06.500_ccf_K5_A.fits		2454954.9250167999		-13.6864749084		0.0110649887717		0.00401119958398		0.0196522640602		-0.0131942582838		-17.9764319755		0.00646009646542		6.01431601082
	HARPS.2009-05-04T10:11:14.230_ccf_K5_A.fits		2454955.9261692502		-13.6855149105		0.00880646905869		0.00309067996576		0.0156985341842		-0.0101591482148		-17.8763351077		0.00525523902461		6.01631295652
	HARPS.2009-06-10T09:37:41.839_ccf_K5_A.fits		2454992.9074379602		-13.6878021797		0.0110046903412		0.00409423658427		0.0197904637737		-0.0127835095059		-18.0479213287		0.00646289294002		6.01804885094
	HARPS.2009-06-11T09:44:37.164_ccf_K5_A.fits		2454993.9123495799		-13.6840688961		0.00974758863333		0.00499759467758		0.0150683997492		-0.0103355955006		-17.8797471016		0.00585431209114		6.02576792686
	HARPS.2009-06-12T09:50:33.977_ccf_K5_A.fits		2454994.9165663901		-13.6843651605		0.0136035810091		0.00786009050414		0.0206115602974		-0.0144847214671		-18.055609349		0.00815749976512		6.02647534784
	HARPS.2009-06-13T09:36:53.738_ccf_K5_A.fits		2454995.9075871799		-13.6829844805		0.0118790862639		0.00499857043971		0.0202579979237		-0.013101896527		-17.9871940385		0.00700071480115		6.02709311159
	HARPS.2009-06-16T10:08:19.683_ccf_K5_A.fits		2454998.9292862201		-13.6834949075		0.0132978493542		0.00493629681911		0.0237607286982		-0.0153437062528		-18.1375939768		0.00769179169112		6.02537084018
	HARPS.2009-06-18T09:42:43.554_ccf_K5_A.fits		2455000.9130489300		-13.68403735		0.0113229671936		0.00278619941495		0.0214214875413		-0.0119282117522		-18.0029315506		0.00686369387935		6.02219997018
	HARPS.2009-06-18T10:04:26.765_ccf_K5_A.fits		2455000.9233392500		-13.6831997682		0.00619629272123		0.00303244085199		0.0138527068505		-0.00799463651484		-17.7488521736		0.00410991866053		6.02891309657
	HARPS.2009-06-19T10:00:00.406_ccf_K5_A.fits		2455001.9237913000		-13.6853165697		0.0126459006797		0.00414806291499		0.0230974649178		-0.0145406750892		-18.059247974		0.00737408703288		6.0239781505
	HARPS.2009-07-08T08:16:37.095_ccf_K5_A.fits		2455020.8534265198		-13.6845091502		0.0103769617841		0.00408526648332		0.0175326231454		-0.0117901241045		-17.9966562644		0.00617398414628		6.00842183224
	HARPS.2009-07-09T09:50:24.921_ccf_K5_A.fits		2455021.9189495398		-13.6857931013		0.00850209874579		0.00203875647641		0.0164746118866		-0.0104223707705		-17.9670342017		0.00453012844227		6.01176106459
	HARPS.2009-07-10T08:14:00.863_ccf_K5_A.fits		2455022.8523895699		-13.6841066828		0.0109259630172		0.00384201345268		0.0191811832568		-0.0110150385414		-17.9920209161		0.00583198493278		6.01510369744
	HARPS.2009-07-12T08:37:07.733_ccf_K5_A.fits		2455024.8677618401		-13.6840109629		0.0111893178171		0.00436085442558		0.0192749934289		-0.0132875706035		-17.9767412591		0.00702800152975		6.01302882163
	HARPS.2009-07-24T08:00:38.002_ccf_K5_A.fits		2455036.8436537902		-13.6855353221		0.0123860842598		0.00640993187645		0.0191906979139		-0.0138758564453		-18.0497212677		0.00777638005316		6.01108687304
	HARPS.2009-07-25T07:19:33.135_ccf_K5_A.fits		2455037.8150775498		-13.6848252002		0.0116673725136		0.00459071252768		0.0199638073276		-0.0135160889467		-18.0093939767		0.00730329569515		6.01045929195
	HARPS.2009-07-26T07:05:19.938_ccf_K5_A.fits		2455038.8056678502		-13.6849472364		0.0104420933067		0.00324856996671		0.0196915706432		-0.0122541546226		-18.0116338608		0.00542025218575		6.0020350513
	HARPS.2009-07-27T07:41:14.434_ccf_K5_A.fits		2455039.8300434500		-13.6829350878		0.011088570346		0.00353956530413		0.019567541029		-0.012307792762		-18.0445795126		0.00614148404257		5.99834016777
	HARPS.2009-07-28T06:28:23.566_ccf_K5_A.fits		2455040.7798186201		-13.683412318		0.012159318517		0.00531169178378		0.0202797474391		-0.0139541950352		-18.0361511567		0.00761937327121		6.00629125077
	HARPS.2009-07-30T07:06:09.417_ccf_K5_A.fits		2455042.8060501302		-13.6859540917		0.0107701408309		0.00553578506506		0.017668683568		-0.0119060401822		-18.0092282796		0.00640971093026		5.99996131935
	HARPS.2009-08-01T08:11:43.710_ccf_K5_A.fits		2455044.8519990901		-13.6831217684		0.0136647735423		0.00502037762427		0.0234104007312		-0.0140308293596		-18.0907143301		0.00746019724904		6.00854430423
	HARPS.2009-08-21T05:44:38.706_ccf_K5_A.fits		2455064.7502310998		-13.686167632		0.0110755765089		0.00323858329872		0.0204725016572		-0.01258404167		-18.0288247125		0.00610490595775		6.008556965
	HARPS.2009-08-23T06:39:37.871_ccf_K5_A.fits		2455066.7885529399		-13.6856461625		0.00922773116881		0.00397080969381		0.0157260243254		-0.0111533931196		-17.9629692483		0.00587621799916		6.01028089
	HARPS.2009-08-24T06:20:09.272_ccf_K5_A.fits		2455067.7749446300		-13.6856282263		0.0120517814291		0.0042697479377		0.0224949249032		-0.0150302146141		-18.0625357686		0.00765695453232		6.00446522129
	HARPS.2009-08-25T05:44:07.018_ccf_K5_A.fits		2455068.7498299400		-13.6843681988		0.0115365861321		0.0052495340528		0.0191652315802		-0.0128212936491		-18.0167402074		0.00682313093909		6.00651450045
	HARPS.2009-08-26T05:47:06.912_ccf_K5_A.fits		2455069.7521213600		-13.6843210206		0.0105341342062		0.00363523313995		0.0179479360082		-0.0109298209111		-17.9492089109		0.00527093350171		6.00201732233
	HARPS.2009-08-28T04:11:39.114_ccf_K5_A.fits		2455071.6859579398		-13.6847762664		0.00978928118892		0.00408576748808		0.0155597616868		-0.0111720084222		-18.0234774461		0.0061894772252		6.00505332353
	HARPS.2009-08-28T05:27:25.973_ccf_K5_A.fits		2455071.7384698899		-13.6855795733		0.010076694492		0.00337129366806		0.0187078136562		-0.0116119394881		-17.9919556973		0.00589944827115		5.99952026291
	HARPS.2009-08-29T04:28:25.421_ccf_K5_A.fits		2455072.6973995999		-13.6842333394		0.0105144629997		0.00370170842285		0.0193828756293		-0.0123170280374		-18.0139929554		0.00562166232024		5.99571688225
	HARPS.2009-08-31T04:25:23.597_ccf_K5_A.fits		2455074.6950925598		-13.6815344211		0.00982921707876		0.00456030064915		0.0164935643526		-0.0114985682781		-17.9788087131		0.00585087634446		6.00142870135
	HARPS.2009-09-03T04:42:01.541_ccf_K5_A.fits		2455077.7061217800		-13.684647043		0.0107970245567		0.00389294453064		0.0192336099778		-0.0125007269298		-18.0344137127		0.00649828400239		5.99929148933
	HARPS.2009-09-21T04:05:40.988_ccf_K5_A.fits		2455095.6805014401		-13.6834398247		0.0110818120028		0.00450648064953		0.0183232836195		-0.011974544314		-18.0091079188		0.00590959462236		6.01888446723
	HARPS.2009-09-22T03:43:23.097_ccf_K5_A.fits		2455096.6657810402		-13.6823926527		0.0105705916414		0.00273521407554		0.0203053844484		-0.012134199511		-17.9514766387		0.00632086304989		6.01458870441
	HARPS.2009-09-23T03:18:58.748_ccf_K5_A.fits		2455097.6491031302		-13.6820436327		0.0109268338239		0.00386337913433		0.0200700971693		-0.0126001413388		-17.9802735871		0.00646991063763		6.02058916916
	HARPS.2009-09-25T03:45:03.999_ccf_K5_A.fits		2455099.6668286598		-13.6848982915		0.0121378535668		0.00488642701253		0.0209537863919		-0.0137112662906		-18.0386438592		0.00772534588764		6.00968250977
	HARPS.2009-09-27T03:08:04.140_ccf_K5_A.fits		2455101.6410658201		-13.6849583398		0.0101115280098		0.00370321939919		0.0190242923015		-0.0124068002502		-17.9679788702		0.00580462429703		6.02572040796
	HARPS.2009-09-30T02:22:07.166_ccf_K5_A.fits		2455104.6095453799		-13.681267584		0.0129654081095		0.00656208771836		0.0200960001424		-0.0126958948233		-18.0488285436		0.00732681061051		6.02302468884
	HARPS.2009-10-01T01:52:34.837_ccf_K5_A.fits		2455105.5882490799		-13.6805530844		0.0146347376832		0.00679272797175		0.0241620899319		-0.0155994521412		-18.1002465913		0.00814580021545		6.02699562926
	HARPS.2009-10-02T01:53:43.117_ccf_K5_A.fits		2455106.5895196698		-13.6855979201		0.014566555778		0.00614677839789		0.0251006809528		-0.0154172284119		-18.0423908632		0.00923177908258		6.02332673114
	HARPS.2009-10-04T04:28:07.535_ccf_K5_A.fits		2455108.6961134500		-13.6839153072		0.012329487237		0.00621481247294		0.0197897223006		-0.0141510115166		-18.0568122504		0.00765141991043		6.0188155878
	HARPS.2009-10-06T02:50:00.547_ccf_K5_A.fits		2455110.6250601602		-13.6920356081		0.00863358751654		0.00312062587678		0.0115324320126		-0.00859730219543		-17.7131610713		0.00583194213803		6.03221777482
	HARPS.2009-10-07T04:32:21.096_ccf_K5_A.fits		2455111.6990970499		-13.6851720761		0.0105530650046		0.00334099798961		0.0202941160954		-0.0131778048249		-18.0495737923		0.00611896201232		6.01113628241
	HARPS.2009-10-09T02:07:10.316_ccf_K5_A.fits		2455113.5981646301		-13.6853656745		0.0111183287926		0.00387402106163		0.0189720255542		-0.012913487674		-18.007020418		0.00638595387321		6.00025660256
	HARPS.2009-10-11T04:03:21.870_ccf_K5_A.fits		2455115.6785121900		-13.6813471083		0.0121064421128		0.00616944049168		0.0182584059924		-0.0130761417008		-17.9782162246		0.00763549207329		6.00264557001
	HARPS.2009-10-13T03:43:30.300_ccf_K5_A.fits		2455117.6649132501		-13.684637461		0.0123146391982		0.00305774830679		0.0217749779993		-0.012914146833		-17.9535720477		0.00687383354105		6.00600914397
	HARPS.2009-10-17T02:36:34.548_ccf_K5_A.fits		2455121.6182683101		-13.6854477058		0.00796344417422		0.00346498639352		0.0135823580897		-0.00859371370643		-17.9602378927		0.00395604544028		6.00696882881
	HARPS.2009-10-18T01:24:27.489_ccf_K5_A.fits		2455122.5677033998		-13.6870607787		0.0100629020139		0.00362305054101		0.017348875561		-0.011627410146		-17.9847729993		0.00526003153136		6.0052580379
	HARPS.2009-10-20T01:57:21.248_ccf_K5_A.fits		2455124.5906120501		-13.6837922404		0.00924923875506		0.0026677670652		0.0168415510696		-0.0108256777087		-17.9254590148		0.00507780569614		6.00367500262
	HARPS.2009-10-22T01:42:28.352_ccf_K5_A.fits		2455126.5796063999		-13.6821613096		0.00936595841185		0.00306380628794		0.0165271115123		-0.00943132225275		-17.9214337109		0.00453333263377		6.00783576162
	HARPS.2009-10-24T02:14:11.612_ccf_K5_A.fits		2455128.6021005702		-13.6808641637		0.0122402797716		0.00522508733586		0.0204695897267		-0.0130544030663		-18.0323382015		0.00659061114331		6.00688483492
	HARPS.2009-10-28T01:54:20.976_ccf_K5_A.fits		2455132.5877866899		-13.6847210462		0.00899893924981		0.00297386981502		0.0165914812051		-0.0116992796095		-18.0300721201		0.00504495679009		6.006048049
	HARPS.2009-10-31T01:03:01.969_ccf_K5_A.fits		2455135.5516929198		-13.6830206876		0.0110665363794		0.00462507248947		0.0190647435028		-0.0122303171888		-18.0020869014		0.00633919067485		6.01487984248
	HARPS.2009-11-01T02:24:01.444_ccf_K5_A.fits		2455136.6080605802		-13.68131623		0.00952653343817		0.00415811751422		0.0166294300717		-0.011192134416		-17.9549404991		0.00575483420763		6.01564621753
	HARPS.2009-11-03T02:32:10.575_ccf_K5_A.fits		2455138.6136495899		-13.6814866234		0.0114645598109		0.00408498010195		0.0203276294457		-0.0130734849026		-17.9978530657		0.00690198685518		6.01373030821
	HARPS.2009-11-05T01:05:34.373_ccf_K5_A.fits		2455140.5533383400		-13.6831752364		0.0120067809337		0.00618662913338		0.0198253275025		-0.0138836004532		-18.0438900053		0.00721690442271		6.0166550041
	HARPS.2009-11-08T01:54:43.597_ccf_K5_A.fits		2455143.5869864398		-13.6814619133		0.013090786084		0.00453781023042		0.0228209791785		-0.0152790409726		-18.1364636269		0.0073916752078		6.02207907806
	HARPS.2009-11-16T01:17:08.054_ccf_K5_A.fits		2455151.5604456100		-13.6829446434		0.0126097821071		0.00371271997525		0.0239545701564		-0.0142644395738		-18.0699931205		0.00684480203368		6.00872738585
	HARPS.2009-11-19T01:12:16.150_ccf_K5_A.fits		2455154.5565654901		-13.6832272677		0.0100638380149		0.00334336376321		0.0192038840186		-0.0124113148964		-18.0087614025		0.00582044918774		6.00343234775
	HARPS.2009-11-21T01:11:26.247_ccf_K5_A.fits		2455156.5558939502		-13.6809663844		0.00884099995797		0.00301080277485		0.0160370816987		-0.010304045559		-17.8922920111		0.00519872510988		6.00374107552
	HARPS.2009-11-22T01:03:24.616_ccf_K5_A.fits		2455157.5498001399		-13.6824413565		0.0106838946311		0.00460131155958		0.0176999454883		-0.01156217569		-17.9702856603		0.00650936260362		6.00701435593
	HARPS.2009-11-24T01:15:11.613_ccf_K5_A.fits		2455159.5579915601		-13.6816521728		0.0109410651435		0.00282905335331		0.0211246882551		-0.0124624303382		-18.0307532234		0.00632488297703		6.00229249614
	HARPS.2009-11-27T01:29:10.408_ccf_K5_A.fits		2455162.5682343398		-13.6838499653		0.0091014797603		0.00224028900625		0.0173576767111		-0.0106381064862		-17.8879277275		0.00534780135493		6.0079546879
	HARPS.2009-12-01T00:50:52.661_ccf_K5_A.fits		2455166.5405085902		-13.684783515		0.00897466813728		0.00358508940912		0.0157501961109		-0.0104384073491		-17.925835005		0.00472039444887		6.00680574141
	HARPS.2010-06-25T08:05:15.796_ccf_K5_A.fits		2455372.8445149800		-13.6858269792		0.00928027473669		0.00383767948888		0.0168781701251		-0.0111500434452		-17.9353293047		0.00543387216985		6.00524912814
	HARPS.2010-06-26T09:02:40.027_ccf_K5_A.fits		2455373.8843762600		-13.6825675654		0.00866504121538		0.00198114157248		0.0165339994237		-0.00929243030732		-17.9101631544		0.00488848319291		6.0084915587
	HARPS.2010-06-27T08:06:14.817_ccf_K5_A.fits		2455374.8457923899		-13.6821897687		0.0105441705547		0.00353205940673		0.0193588945776		-0.0116740249778		-17.9943750953		0.00577027927537		6.00808055675
	HARPS.2010-06-28T07:23:38.420_ccf_K5_A.fits		2455375.8162942999		-13.6831807827		0.0109432134618		0.00485880333202		0.0186302737064		-0.0133610177011		-17.9977207386		0.00671614495667		6.01285526148
	HARPS.2010-06-29T07:31:23.345_ccf_K5_A.fits		2455376.8211387801		-13.6836320123		0.0120336662909		0.00533873254893		0.0203764681089		-0.0138661359307		-17.9739609828		0.00772388583332		6.00644376494
	HARPS.2010-07-19T08:32:44.561_ccf_K5_A.fits		2455396.8646731302		-13.6853308314		0.00887927639989		0.00487839747402		0.0132005978084		-0.0107949334019		-17.9626316116		0.00556334775863		6.01768121652
	HARPS.2010-07-23T08:51:50.032_ccf_K5_A.fits		2455400.8790289699		-13.685069085		0.00946153738448		0.00329443383293		0.0174087330968		-0.011290644058		-18.0081535788		0.00588061261471		6.00639633713
	HARPS.2010-07-24T06:31:53.674_ccf_K5_A.fits		2455401.7820010199		-13.6841651089		0.0116115632263		0.00808840623576		0.0156678461819		-0.0124296031502		-17.9388349831		0.008100428466		6.01813458814
	HARPS.2010-07-25T06:47:11.099_ccf_K5_A.fits		2455402.7935201498		-13.6798976514		0.00958056211614		0.00692796185186		0.0137662962887		-0.00830531429217		-18.009782453		0.0069876510089		6.01621749431
	HARPS.2010-07-27T07:02:39.249_ccf_K5_A.fits		2455404.8034402300		-13.6871359822		0.00953636666508		0.00248466276533		0.0178149828938		-0.0117993113177		-18.0449502227		0.00534217906192		6.00094385664
	HARPS.2010-07-31T08:32:17.426_ccf_K5_A.fits		2455408.8653843100		-13.6817595958		0.0127669082114		0.00682841593724		0.0198257211076		-0.0136411309062		-18.0442925099		0.00753599077981		6.0144834918
	HARPS.2010-08-02T05:48:39.746_ccf_K5_A.fits		2455410.7525734301		-13.6829983475		0.0125326814738		0.00484667620619		0.0211205633367		-0.0120836495148		-18.1137197107		0.00619746286629		6.00373024695
	HARPS.2010-08-04T08:01:26.021_ccf_K5_A.fits		2455412.8449867601		-13.6830207866		0.0125641569332		0.00600642330691		0.0203409472931		-0.0137943381648		-18.1339475423		0.00691493608365		6.00311628261
	HARPS.2010-08-06T05:21:58.409_ccf_K5_A.fits		2455414.7339128000		-13.6900597685		0.0102154587883		0.00530787004801		0.0166631789579		-0.0113353244347		-17.9832405355		0.00575416826641		5.99600743354
	HARPS.2010-08-19T06:01:44.218_ccf_K5_A.fits		2455427.7620589500		-13.6809603354		0.0101136524253		0.00380762794589		0.0175224936074		-0.0112045294039		-18.0040995039		0.00536525446199		6.00053235625
	HARPS.2010-08-20T05:38:22.943_ccf_K5_A.fits		2455428.7457491602		-13.6828975774		0.00937729379511		0.00271489216981		0.0162517018826		-0.0106516384354		-18.0102544865		0.00538028430651		5.99376070118
	HARPS.2010-08-27T04:46:57.062_ccf_K5_A.fits		2455435.7103566602		-13.6866992634		0.00885304228592		0.00115449319006		0.0177726023539		-0.00985398664447		-17.9171579817		0.00424060993345		6.00345967078
	HARPS.2010-08-28T03:15:51.425_ccf_K5_A.fits		2455436.6472049900		-13.688569149		0.0108629464311		0.00465131344624		0.0186754060832		-0.0111545058891		-17.9905632878		0.00588261260553		6.00425389306
	HARPS.2010-08-29T03:25:32.754_ccf_K5_A.fits		2455437.6537282299		-13.6876840159		0.0108979074218		0.00382904876264		0.0193820169451		-0.0124042870074		-18.0194700314		0.00619748613843		6.00239978805
	HARPS.2010-08-30T05:23:29.143_ccf_K5_A.fits		2455438.7357478002		-13.6849538622		0.0105089925221		0.00303012537471		0.0193055896564		-0.0115498471788		-17.9866095231		0.00593556301681		5.99962164021
	HARPS.2010-08-31T04:26:02.750_ccf_K5_A.fits		2455439.6957512102		-13.6835856703		0.00973919196271		0.00349861098664		0.017843470523		-0.0103921369161		-17.9657896311		0.0049999815251		6.00541802734
	HARPS.2010-09-04T04:05:47.403_ccf_K5_A.fits		2455443.6819988298		-13.6854094132		0.0107979688148		0.00400723047883		0.0181334320367		-0.012740461617		-18.0407537168		0.00656076457214		6.01245736015
	HARPS.2010-09-05T04:17:49.104_ccf_K5_A.fits		2455444.6900379802		-13.6850841506		0.00957112385541		0.00431921792874		0.016070055691		-0.010864650035		-17.9197434477		0.00599867994423		6.00461360477
	HARPS.2010-09-07T05:38:53.125_ccf_K5_A.fits		2455446.7462149300		-13.6827757348		0.00863820709263		0.00139387288465		0.0185016850419		-0.0103467442362		-17.9418932139		0.00438799992916		6.00725639301
	HARPS.2010-09-11T05:30:38.582_ccf_K5_A.fits		2455450.7406442598		-13.6840371587		0.0115638269792		0.0048413625369		0.0193934474759		-0.0128361569908		-18.0699012502		0.00619230869104		6.00524199073
	HARPS.2010-09-15T04:12:33.908_ccf_K5_A.fits		2455454.6862400998		-13.6809304843		0.0104098334675		0.00513552769545		0.0165682876111		-0.011277056147		-17.9479717232		0.00615499874058		5.99849095372
	HARPS.2010-09-16T01:17:35.222_ccf_K5_A.fits		2455455.5647151698		-13.6823314774		0.00738858140296		0.00200293241281		0.014427585643		-0.00980141708801		-17.8916443342		0.00381163930269		6.00142297701
	HARPS.2010-09-17T03:30:57.147_ccf_K5_A.fits		2455456.6578247002		-13.6867290784		0.00895554055795		0.00182926587782		0.0178970167909		-0.0106276070982		-17.9312296064		0.00502563842408		6.00167442317
	HARPS.2010-09-19T03:33:30.014_ccf_K5_A.fits		2455458.6592284599		-13.6853838002		0.00963985962342		0.00359703880357		0.0173901754879		-0.0109495229958		-17.9759695383		0.00511749885033		6.00089052837
	HARPS.2010-09-24T04:05:04.032_ccf_K5_A.fits		2455463.6814010902		-13.6812913656		0.00857089066796		0.000155253354933		0.0194670832945		-0.00998704103758		-17.9245287347		0.00384435727871		6.01035376768
	HARPS.2010-10-11T01:52:47.320_ccf_K5_A.fits		2455480.5884877499		-13.6843570223		0.0101357837234		0.00401154393522		0.018102678113		-0.0108233190647		-17.9268667576		0.00599610290279		6.00299780602
	HARPS.2010-10-13T02:50:40.291_ccf_K5_A.fits		2455482.6283468199		-13.6825579378		0.0107206904389		0.00460563153271		0.0165729771187		-0.0120483738033		-17.9669327933		0.00670868507217		6.00863517736
	HARPS.2010-10-14T00:50:05.702_ccf_K5_A.fits		2455483.5445484999		-13.6806024921		0.0105227135502		0.00336223942832		0.0197003899369		-0.0113134488621		-18.0351621379		0.00503725442452		6.00817803481
	HARPS.2010-10-15T02:06:23.722_ccf_K5_A.fits		2455484.5971519500		-13.6813617291		0.0084116176625		0.00206415117606		0.0172970097968		-0.00989537594331		-17.9659953926		0.00395974875937		6.00394601767
	HARPS.2010-10-17T00:51:50.763_ccf_K5_A.fits		2455486.5454558600		-13.6851735605		0.0116115884048		0.00568888677996		0.0190481110755		-0.0124893693168		-18.0219269703		0.00661029126552		6.00303379629
	HARPS.2010-10-19T01:12:42.284_ccf_K5_A.fits		2455488.5594910700		-13.6839711998		0.00818623216265		0.00165332198932		0.016189134773		-0.0082510931637		-17.8866480915		0.00387641685221		6.00269748721
	HARPS.2010-10-24T02:34:52.030_ccf_K5_A.fits		2455493.6160669401		-13.6831559035		0.00824187125347		0.00422913671135		0.014215144449		-0.00957477028494		-17.911034151		0.00440424403613		6.00040838095
	HARPS.2010-10-26T02:20:16.437_ccf_K5_A.fits		2455495.6060831300		-13.6820271564		0.00668012557832		0.00257668110758		0.0125212137674		-0.00702540661454		-17.8814440399		0.0032721329659		5.99862254819
	HARPS.2010-10-28T01:24:50.640_ccf_K5_A.fits		2455497.5675326898		-13.6820250794		0.00831163200062		0.00260749428942		0.0152718475522		-0.00813651622737		-17.9135865137		0.0039429970777		5.99695205063
	HARPS.2010-10-30T01:56:39.177_ccf_K5_A.fits		2455499.5899801701		-13.6804579656		0.0100198950199		0.00236800195887		0.0184400702246		-0.0125870075821		-18.0495068291		0.0056031131961		6.00565793634
	HARPS.2010-11-05T01:27:05.252_ccf_K5_A.fits		2455505.5679906500		-13.6793703175		0.00827369801023		0.00151803865458		0.0161099210623		-0.00783444461612		-17.8236010074		0.00407059076852		6.00874596571
	HARPS.2010-11-07T00:04:33.508_ccf_K5_A.fits		2455507.5109171099		-13.6799733082		0.00894959583363		0.00202314248793		0.0169601419329		-0.0110205490082		-17.9723557511		0.00492045896616		6.00507247691
	HARPS.2010-11-09T01:05:18.529_ccf_K5_A.fits		2455509.5528130601		-13.6799779989		0.00942091683653		0.00299181953005		0.0185579620382		-0.0114075201878		-17.9588645489		0.00508439996466		6.00723150814
	HARPS.2010-11-10T00:07:44.244_ccf_K5_A.fits		2455510.5128512499		-13.6813903946		0.0104951695316		0.00320675598607		0.0197565772279		-0.0116438054947		-17.9969262063		0.00583541979371		6.00608683143
	HARPS.2010-11-11T00:04:02.654_ccf_K5_A.fits		2455511.5099802702		-13.6796474054		0.0107466127876		0.00441555631134		0.018923627236		-0.0121754264338		-17.9907383678		0.00608436757339		6.00437761124
	HARPS.2010-11-12T00:56:02.013_ccf_K5_A.fits		2455512.5460980199		-13.6785118182		0.0112419603268		0.004288722352		0.0203775801093		-0.0123925145011		-18.0299028525		0.00618325620937		6.0056776985
	HARPS.2010-11-13T01:23:38.915_ccf_K5_A.fits		2455513.5654806001		-13.6794550575		0.0122279733329		0.00734032470204		0.0187180163654		-0.0131683472141		-18.0088767356		0.00801413836827		6.00716236672
	HARPS.2010-11-22T00:27:14.668_ccf_K5_A.fits		2455522.5250261901		-13.6817724617		0.013272889355		0.00463952108814		0.0237223847953		-0.0154085359517		-18.0769743915		0.00765722287886		6.00358756437
	HARPS.2010-11-23T00:37:25.272_ccf_K5_A.fits		2455523.5321022398		-13.6817194312		0.0105434912845		0.00494991066876		0.0184777641838		-0.0112349590633		-17.9967952989		0.00500958258308		6.00441490635
	HARPS.2010-11-24T01:02:33.446_ccf_K5_A.fits		2455524.5495588998		-13.6832128211		0.0100526000137		0.00339411156508		0.0193705318987		-0.0117317129721		-17.9736408165		0.0057654095506		5.99731237975
	HARPS.2010-12-07T00:51:13.963_ccf_K5_A.fits		2455537.5403835801		-13.6819881861		0.00951583730812		0.00240286761347		0.0182813171029		-0.010190978316		-17.9446889116		0.00483787144953		5.99837544
	HARPS.2010-12-10T00:48:38.810_ccf_K5_A.fits		2455540.5381852398		-13.6823935086		0.0111998292001		0.00388949847912		0.0191065956884		-0.0118124567051		-17.9649794089		0.0060766867673		6.0026275362
	HARPS.2010-12-14T00:24:29.219_ccf_K5_A.fits		2455544.5209149998		-13.6838582753		0.00814994170252		0.0027482412859		0.0159051434321		-0.0089001075495		-17.8911302666		0.00448227843396		6.00758314661
	HARPS.2010-12-18T00:28:21.619_ccf_K5_A.fits		2455548.5228964500		-13.6820981535		0.0111216768852		0.00493180911008		0.0187200467282		-0.0119841784246		-17.9880532605		0.00601226779823		6.00813260953
	HARPS.2011-06-15T10:03:16.182_ccf_K5_A.fits		2455727.9258478298		-13.6854377982		0.00809407174199		0.00308793791223		0.0142636079958		-0.00873606044902		-17.8808364678		0.00407305088516		6.00306166297
	HARPS.2011-06-23T10:37:17.467_ccf_K5_A.fits		2455735.9500094601		-13.6819102249		0.00941359724885		0.00133248555361		0.0194425210962		-0.0114356932195		-17.9009048391		0.00473941409187		6.00656783054
	HARPS.2011-07-12T08:22:08.739_ccf_K5_A.fits		2455754.8579476099		-13.6810777416		0.00726191998779		0.00320829316352		0.0165062220244		-0.0105459691817		-18.1350261591		0.00563982643398		6.00053711496
	HARPS.2011-07-27T07:15:15.124_ccf_K5_A.fits		2455769.8120787800		-13.685559775		0.007827681415		0.00172266846706		0.0152277467125		-0.00866952252173		-17.9247926434		0.00385891209482		5.99168682981
	HARPS.2011-08-03T07:55:04.756_ccf_K5_A.fits		2455776.8403055002		-13.6851065031		0.0118181170812		0.0063354243039		0.0181179941892		-0.0112078357275		-17.9841118214		0.0064692143715		5.99814483109
	HARPS.2011-08-09T05:40:47.858_ccf_K5_A.fits		2455782.7472029901		-13.6809436362		0.00769262053794		0.00297236454827		0.013835541127		-0.010004134526		-17.8353490727		0.00520537618264		6.00108519867
	HARPS.2011-08-11T07:41:42.934_ccf_K5_A.fits		2455784.8313541301		-13.6825371376		0.00868784765869		0.00188072972831		0.0172016805546		-0.00989862355306		-17.9505295054		0.00475163783505		5.9948897755
	HARPS.2011-08-30T03:19:55.645_ccf_K5_A.fits		2455803.6501518399		-13.6811824566		0.00837061929558		0.00483585683739		0.0120451738551		-0.00768785055409		-17.9910413197		0.00327644807798		6.00269589921
	HARPS.2011-08-31T06:12:57.894_ccf_K5_A.fits		2455804.7700057998		-13.6818050708		0.00854187665137		0.00410516578514		0.0125371787676		-0.0085348673151		-17.9791496567		0.00541006057237		5.99300503327
	HARPS.2011-09-01T03:41:00.637_ccf_K5_A.fits		2455805.6643828200		-13.683598538		0.00888911695414		0.00169780940933		0.0180672720533		-0.00975202276146		-17.9604620633		0.00447665088786		5.99092351803
	HARPS.2011-09-02T05:26:29.315_ccf_K5_A.fits		2455806.7378441100		-13.6831025309		0.00798147029871		0.00218973521221		0.0160111308916		-0.00827743817031		-17.8793888705		0.00360650479484		5.99289220642
	HARPS.2011-09-03T04:38:07.458_ccf_K5_A.fits		2455807.7041508998		-13.682292053		0.00565402623882		-0.00161075774979		0.0146313170915		-0.00847683662845		-17.9086172456		0.00279102537042		5.99508509273
	HARPS.2011-09-04T05:05:40.671_ccf_K5_A.fits		2455808.7230716702		-13.6835803947		0.00852309024761		0.00108558383139		0.0178099433481		-0.00855747204008		-17.8755896827		0.00485699637649		5.9957180286
	HARPS.2011-09-05T05:00:38.643_ccf_K5_A.fits		2455809.7198843299		-13.681871618		0.00820725743507		0.00293529519699		0.0140319267289		-0.00876229638708		-17.912871253		0.00431250283992		5.99321566159
	HARPS.2011-09-10T04:48:31.253_ccf_K5_A.fits		2455814.7110059299		-13.6834081568		0.00969707013859		0.00433854805434		0.016848374077		-0.00987005160275		-17.9009088111		0.00547682560615		5.99760878971
	HARPS.2011-09-13T02:53:02.540_ccf_K5_A.fits		2455817.6310747098		-13.6831415909		0.00934405540515		0.00179330099341		0.0184215434319		-0.00988024215134		-17.9342389286		0.00450186280392		5.99631643728
	HARPS.2011-09-16T02:55:55.080_ccf_K5_A.fits		2455820.6329099000		-13.6828649994		0.00976929478531		0.00393442443453		0.0165384397821		-0.0103693344795		-17.9166124062		0.00546222273245		5.99822187065
	HARPS.2011-09-21T04:04:35.050_ccf_K5_A.fits		2455825.6805600901		-13.6826464845		0.00987600280787		0.00355624197064		0.0173422201808		-0.0100360468295		-17.9105885608		0.00571859686339		6.00467652629
	HARPS.2011-09-22T05:10:38.685_ccf_K5_A.fits		2455826.7263941299		-13.6832352908		0.00808171507618		0.00341571594545		0.0134949240544		-0.00864431126495		-17.8501928351		0.00444050979814		5.99753052067
	HARPS.2011-09-24T04:19:50.407_ccf_K5_A.fits		2455828.6911518602		-13.6837852297		0.0116305964411		0.00367187047558		0.0214892317432		-0.0110974473062		-18.0201555938		0.00543394243823		5.99403818077
	HARPS.2011-09-27T02:31:14.469_ccf_K5_A.fits		2455831.6154132900		-13.6821981974		0.00956757741946		0.00378981903767		0.0167767985673		-0.00998035802325		-17.9576345591		0.0047481229423		5.99740764526
	HARPS.2011-09-30T04:59:55.781_ccf_K5_A.fits		2455834.7185304398		-13.6771745514		0.00850486748824		0.00178293054003		0.0167349840229		-0.00928846586143		-17.9197997368		0.00434375645249		5.99538536099
	HARPS.2011-10-01T04:38:42.172_ccf_K5_A.fits		2455835.7035423201		-13.6802533183		0.00962309380307		0.00386765301749		0.0176371384432		-0.0106409358215		-17.9367289047		0.00586402906461		5.99423705472
	HARPS.2011-10-03T02:56:12.238_ccf_K5_A.fits		2455837.6329965899		-13.6829088827		0.0080032500131		0.0020521425487		0.01627244542		-0.00931157870649		-17.8638091178		0.00460281060428		5.99333572371
	HARPS.2011-10-05T04:21:58.740_ccf_K5_A.fits		2455839.6918250299		-13.6825583627		0.00712342678877		0.00190968123063		0.0137903475303		-0.00822188648815		-17.8862664832		0.00330944509564		5.99553720261
	HARPS.2011-10-07T01:53:08.871_ccf_K5_A.fits		2455841.5886772498		-13.6823315948		0.00758022375391		0.00361282114052		0.0125853411877		-0.00863957950423		-17.8637118106		0.00415692134379		5.9941612118
	HARPS.2011-10-09T04:26:34.765_ccf_K5_A.fits		2455843.6950027798		-13.6837932594		0.0074420152723		0.001495645534		0.0158946212008		-0.00951860554262		-17.874217014		0.0043816797536		5.99574974386
	HARPS.2011-10-11T02:04:26.003_ccf_K5_A.fits		2455845.5963926902		-13.6824938262		0.00738857252123		0.00321236773171		0.0140052071597		-0.00816978468723		-17.8854869859		0.00388666360155		5.99449636827
	HARPS.2011-11-05T02:24:37.892_ccf_K5_A.fits		2455870.6080757501		-13.6820279846		0.0079639783696		0.0044469644253		0.0123293605329		-0.00900197440495		-17.9491110125		0.00418859968056		5.99378132179
	HARPS.2011-11-07T02:13:31.384_ccf_K5_A.fits		2455872.6001880001		-13.6820291721		0.0088093369079		0.000712418590247		0.0197156339755		-0.00966063730297		-18.0054917234		0.00444278038776		5.99576585148
	HARPS.2011-11-09T02:19:19.451_ccf_K5_A.fits		2455874.6045530899		-13.6827803214		0.00759265956565		0.00467221885165		0.011325893442		-0.00859634420759		-17.9224403346		0.00434086730549		5.98995621812
	HARPS.2011-11-14T02:01:55.162_ccf_K5_A.fits		2455879.5913765202		-13.6810185895		0.00761216926073		0.00259599126903		0.015026532213		-0.00804216378947		-17.8540312662		0.00406176116979		5.99255822284
	HARPS.2011-11-15T01:50:02.844_ccf_K5_A.fits		2455880.5828210101		-13.67968818		0.00819698357967		0.00293031003969		0.0139483825081		-0.00827366073825		-17.8593725575		0.00461985233715		5.9921448699
	HARPS.2011-11-21T01:54:39.737_ccf_K5_A.fits		2455886.5859631798		-13.6790540773		0.00719894204333		0.00146138968636		0.0161528149495		-0.0091075157938		-17.92471218		0.00324806166374		5.98886459695
	HARPS.2011-11-27T01:40:28.684_ccf_K5_A.fits		2455892.5754131600		-13.6812691225		0.00714957327488		0.00208094982684		0.0155360539918		-0.00846410944165		-18.0040729528		0.0034201638774		5.98720828461
	HARPS.2011-11-30T01:20:59.504_ccf_K5_A.fits		2455895.5614789100		-13.6833674863		0.00751067848993		0.00364228866891		0.0124933881395		-0.00730092503565		-17.8752097517		0.00361329373211		5.99120861458
	HARPS.2011-12-03T01:15:28.348_ccf_K5_A.fits		2455898.5577628901		-13.6790585204		0.00849399758017		0.00388917445797		0.0145335568506		-0.00937190660175		-17.9362148452		0.00489502906133		5.99219395701
	HARPS.2011-12-07T00:46:49.511_ccf_K5_A.fits		2455902.5372585300		-13.6805027737		0.00817021119909		0.00333406865947		0.0151307722971		-0.00938617823312		-17.8591697254		0.00465328071548		5.99457181534
	HARPS.2012-05-05T10:15:20.303_ccf_K5_A.fits		2456052.9300753600		-13.6828865711		0.0100431241818		0.00281813054109		0.018571679893		-0.0114855431635		-17.9452760433		0.00579812038516		5.99807678044
	HARPS.2012-05-06T10:04:59.230_ccf_K5_A.fits		2456053.9230805598		-13.6807469198		0.00655136147219		0.00131784013737		0.0135504204902		-0.00671999683371		-17.8539271146		0.00250305824326		5.99789397847
	HARPS.2012-05-07T10:05:41.623_ccf_K5_A.fits		2456054.9237607201		-13.682726136		0.00929360256175		0.00293260754777		0.0173649343987		-0.0119313058454		-18.0194411474		0.00507260494363		5.99415504516
	HARPS.2012-05-08T09:56:59.775_ccf_K5_A.fits		2456055.9176006401		-13.6859938997		0.00870628307989		0.00151890216798		0.0173799218074		-0.00993955670675		-17.9421712283		0.00386736012454		5.99438748567
	HARPS.2012-05-11T09:42:26.160_ccf_K5_A.fits		2456058.9073539302		-13.6820905523		0.00782001305084		0.00286037736828		0.0138122003874		-0.00856688899596		-17.886945221		0.00400064811153		5.99692598254
	HARPS.2012-05-31T09:24:41.660_ccf_K5_A.fits		2456078.8971589501		-13.686021053		0.00650958623108		0.00236274853275		0.012793563883		-0.00590050740054		-17.7841067413		0.00208086690978		5.99560183457
	HARPS.2012-06-02T08:20:26.840_ccf_K5_A.fits		2456080.8528365400		-13.6822713406		0.0084486939796		0.0032176561115		0.0151401896368		-0.00938556125991		-17.860467999		0.00488925126562		5.9942476417
	HARPS.2012-06-04T09:00:29.984_ccf_K5_A.fits		2456082.8809515000		-13.680529755		0.0080391216661		0.00380383381702		0.0143118453533		-0.0095113101992		-17.8107592526		0.0058185346589		6.00346636781
	HARPS.2012-06-07T08:17:52.765_ccf_K5_A.fits		2456085.8517502798		-13.6837684755		0.00943372523101		0.00381280881903		0.017051504639		-0.010842472929		-17.9574849071		0.00510535723435		5.99778057331
	HARPS.2012-06-18T10:23:37.592_ccf_K5_A.fits		2456096.9400323802		-13.6835960593		0.00725150822318		0.00177498008498		0.0144257571279		-0.00753336555804		-17.9417321767		0.0030873632027		5.99182419588
	HARPS.2012-06-19T09:06:39.178_ccf_K5_A.fits		2456097.8865673202		-13.6832761524		0.00777476872962		0.00309942282833		0.0145144793349		-0.00813935475438		-17.8204836684		0.00400266979733		5.99980784803
	HARPS.2012-07-07T08:11:03.301_ccf_K5_A.fits		2456115.8496196400		-13.6801840441		0.00840255813309		0.00455359329742		0.0160244378855		-0.00937127019137		-17.8582604543		0.00436757792072		6.00161391049
	HARPS.2012-07-09T07:59:58.496_ccf_K5_A.fits		2456117.8421834102		-13.6811294437		0.0066277612953		0.00234918780332		0.0129877053501		-0.0083020158068		-17.8667684415		0.00341841805624		5.99243231599
	HARPS.2012-07-11T09:28:56.883_ccf_K5_A.fits		2456119.9039151100		-13.6869257702		0.00689162528867		0.000143041663268		0.0154505932202		-0.00810615819166		-17.8686027377		0.00321368641086		5.99971926511
	HARPS.2012-07-13T07:57:42.282_ccf_K5_A.fits		2456121.8407026799		-13.6834390627		0.0125870827989		0.00983296625835		0.0158166572096		-0.0131291486767		-18.0548734009		0.00844785619631		5.99277178819
	HARPS.2012-08-11T06:53:43.797_ccf_K5_A.fits		2456150.7977562598		-13.6828613766		0.0075488748329		0.00218034646036		0.0140512099279		-0.00908038578455		-17.870102559		0.00382337568424		5.9976947934
	HARPS.2012-08-19T05:29:32.743_ccf_K5_A.fits		2456158.7399352798		-13.6832261906		0.00682426368206		0.00147178414996		0.0128459832672		-0.00727322915814		-17.840535157		0.00300444001813		6.00077426358
	HARPS.2012-08-21T06:44:49.635_ccf_K5_A.fits		2456160.7920480999		-13.680276988		0.00793146375507		0.00299558700842		0.0141029192416		-0.00886115402389		-17.8861585053		0.00472498812995		5.99392025986
	HARPS.2012-08-27T04:34:33.115_ccf_K5_A.fits		2456166.7015604400		-13.6845613109		0.00789351253102		0.00296757558069		0.0158161500499		-0.00895606331521		-17.9091294194		0.00416898199002		5.99311524052
	HARPS.2012-08-29T05:20:06.563_ccf_K5_A.fits		2456168.7308104802		-13.6759710014		0.00869007081099		0.00083884128858		0.0190121098259		-0.0104859161775		-18.0281498007		0.00425088890938		5.98990945207
	HARPS.2012-09-01T02:33:05.115_ccf_K5_A.fits		2456171.6175430198		-13.680467636		0.00559345903403		0.000708016677017		0.0112027021779		-0.00784891108817		-17.7874303911		0.00389653799789		5.99114914411
	HARPS.2012-09-03T05:23:07.579_ccf_K5_A.fits		2456173.7358271000		-13.6788990493		0.00736842920214		0.00228650824294		0.0154170009316		-0.00965357128431		-17.9298943159		0.00471227828021		5.99308082097
	HARPS.2012-09-10T05:42:56.684_ccf_K5_A.fits		2456180.7489003199		-13.6806384055		0.00870342132848		0.00360931418553		0.0149657104996		-0.00896667850956		-17.8954534181		0.00513747792238		5.99361252935
	HARPS.2012-09-12T03:29:16.471_ccf_K5_A.fits		2456182.6559406100		-13.6824446389		0.00530825515609		1.91862439483e-05		0.0108030953425		-0.00640301012324		-17.8250519273		0.00155579260118		5.9902830023
	HARPS.2012-09-16T04:04:47.635_ccf_K5_A.fits		2456186.6813519602		-13.6823745895		0.00542909478918		0.00368402207263		0.0089845162891		-0.00516361619682		-17.806287453		0.00218199738354		5.99415879991
	HARPS.2012-09-20T05:31:44.568_ccf_K5_A.fits		2456190.7407864202		-13.6780847547		0.00836506844409		0.00417545332644		0.0132061111346		-0.00813277269664		-17.8596659987		0.00421975045465		5.99877227708
	HARPS.2012-09-25T03:11:48.439_ccf_K5_A.fits		2456195.6437496701		-13.6832526227		0.00850319192855		0.00356650805401		0.015304805137		-0.00859465836541		-17.8976135886		0.00435888889545		5.9912618769
	HARPS.2012-10-02T02:30:41.764_ccf_K5_A.fits		2456202.6148855998		-13.6804460341		0.00674591089584		3.6282602041e-05		0.0136368123532		-0.00730223151215		-17.8521151084		0.00297564698292		5.99692026884
	HARPS.2012-10-04T03:18:00.853_ccf_K5_A.fits		2456204.6476400299		-13.6799615178		0.0080908447693		0.00176064219465		0.0159381872116		-0.00947535535559		-17.8635212226		0.00457498214829		5.98588996086
	HARPS.2012-10-05T02:43:36.093_ccf_K5_A.fits		2456205.6235947101		-13.6836248648		0.00718474991658		0.00332856962685		0.0124965670078		-0.00783984559259		-17.8482423578		0.00412562243406		5.98230171041
	HARPS.2012-10-09T02:48:54.584_ccf_K5_A.fits		2456209.6272549401		-13.6767154249		0.00949243414534		0.00454236701652		0.0163597091005		-0.00922428983736		-17.8759658033		0.00512906554481		5.99435937794
	HARPS.2012-10-10T02:15:25.822_ccf_K5_A.fits		2456210.6038392698		-13.6783202347		0.00867896750205		0.00310811956956		0.0140582167331		-0.00875845598905		-17.8723088498		0.00393980170405		5.99527593808
	HARPS.2012-10-15T01:13:56.631_ccf_K5_A.fits		2456215.5609263498		-13.67945739		0.00697814860304		0.000244281968518		0.0166183363721		-0.00830965595738		-17.9275430446		0.00358627494047		5.99308549355
	HARPS.2012-10-17T01:44:56.599_ccf_K5_A.fits		2456217.5822101501		-13.6790553115		0.00708138341914		0.00159185379581		0.0131009147938		-0.0069337119489		-17.8110002173		0.00421181625161		5.99196812018
	HARPS.2012-10-19T04:13:22.056_ccf_K5_A.fits		2456219.6848255498		-13.6818647736		0.00716104822333		0.00361576924857		0.010621147454		-0.00927223985246		-17.9520074908		0.00380503376701		5.99849246453
	HARPS.2012-10-20T04:22:01.445_ccf_K5_A.fits		2456220.6911750999		-13.682365325		0.00541213155688		0.00016706686557		0.0115037309693		-0.00526488148908		-17.8001585373		0.00255848173903		5.99169050526
	HARPS.2012-10-21T01:39:45.897_ccf_K5_A.fits		2456221.5787361101		-13.6817343715		0.00456700462859		0.000601773674116		0.0109869518159		-0.0068875902487		-17.7806836425		0.00212198713398		5.9918928859
	HARPS.2012-10-29T02:30:48.391_ccf_K5_A.fits		2456229.6131314798		-13.6837160231		0.0092361360968		0.0044380496736		0.0162004614893		-0.009552802893		-17.9955909296		0.00477952037456		5.99662482592
	HARPS.2012-11-03T01:20:53.624_ccf_K5_A.fits		2456234.5641525700		-13.6807042552		0.0091681957092		0.00369422234728		0.0156046449572		-0.0105402665938		-17.9489150525		0.00533467180106		5.99659226321
	HARPS.2012-11-05T01:34:19.929_ccf_K5_A.fits		2456236.5733024599		-13.6837415986		0.00926114075747		0.00156267992529		0.0177351786683		-0.00922870667584		-17.9885564384		0.00363148357213		5.98981300153
	HARPS.2012-11-07T01:24:01.739_ccf_K5_A.fits		2456238.5656566899		-13.6808391014		0.00837139534484		0.00300659880144		0.0153459274345		-0.00898093245666		-17.9320444396		0.00468794172031		5.99321106784
	HARPS.2012-11-08T01:08:58.334_ccf_K5_A.fits		2456239.5554270200		-13.6810841706		0.00800213936401		0.00305942124388		0.0155213491761		-0.00864237458478		-17.9017899299		0.0037611283623		5.98968919722
	HARPS.2012-11-16T02:03:51.859_ccf_K5_A.fits		2456247.5927796699		-13.6792287278		0.00953453719703		0.00366757297156		0.0173934573579		-0.0107440835404		-17.9199753219		0.00517706334643		5.99009543577
	HARPS.2012-11-25T00:37:25.186_ccf_K5_A.fits		2456256.5317706899		-13.6793023757		0.00608468703279		0.00106425916835		0.0129482050352		-0.00837786863048		-17.8287012515		0.00350282182844		5.99107544087
	HARPS.2012-11-26T00:11:51.233_ccf_K5_A.fits		2456257.5140219699		-13.681049177		0.00783418830818		0.00180192932245		0.0151330182259		-0.00795494301411		-17.8997152582		0.00357606950249		5.98917108394
	HARPS.2012-11-26T23:59:56.603_ccf_K5_A.fits		2456258.5054388200		-13.6809060527		0.00609075616366		0.00183043790571		0.0112229779045		-0.00722496323116		-17.8371380104		0.00312538145504		5.9877039824
	HARPS.2012-11-27T23:59:59.832_ccf_K5_A.fits		2456259.5057898201		-13.6805215493		0.00705788411433		0.00438406347354		0.0100532786911		-0.00819943037082		-17.8786481801		0.00431290605152		5.98677404964
	HARPS.2012-12-01T00:30:50.344_ccf_K5_A.fits		2456262.5268054898		-13.6814762872		0.0105045757874		0.00471461744244		0.0166711207054		-0.0112242863524		-17.9224938198		0.0066103404337		5.99032499646
	HARPS.2012-12-02T01:12:30.827_ccf_K5_A.fits		2456263.5555329602		-13.6833987849		0.00752143264236		0.00345361507759		0.0134571452981		-0.00837811610127		-17.9080229023		0.00336807400037		5.99357180628
	HARPS.2012-12-08T00:48:34.850_ccf_K5_A.fits		2456269.5381031199		-13.6805021769		0.00673854347191		0.00306318144266		0.0123085711645		-0.00811328539431		-17.8324912429		0.00312536585642		5.99787196463
	HARPS.2013-06-12T09:57:25.667_ccf_K5_A.fits		2456455.9212561902		-13.6863323057		0.00507613298126		0.000423392408065		0.0115210898145		-0.00427460866955		-17.7869868144		0.000874196648743		5.99941806435
	HARPS.2013-06-30T09:48:28.285_ccf_K5_A.fits		2456473.9165840200		-13.6820029611		0.00966382893082		0.00183769187209		0.0191638994991		-0.00992371681861		-17.8813101308		0.00487473631552		5.99726375834
	HARPS.2013-07-01T09:38:20.541_ccf_K5_A.fits		2456474.9098401298		-13.6827429646		0.00561750413052		0.00235427555078		0.0090989921346		-0.0047246362872		-17.7608058306		0.0019304428193		5.99678569356
	HARPS.2013-08-06T08:52:18.251_ccf_K5_A.fits		2456510.8801289001		-13.6815300648		0.00908057153821		0.00380583300412		0.0155197589241		-0.00911854127878		-17.9020741638		0.00469321026906		5.99813072969
	HARPS.2013-08-10T07:51:41.554_ccf_K5_A.fits		2456514.8380850400		-13.6802590847		0.00739277581593		0.00063633541914		0.0163174466279		-0.0085321729417		-17.9150300746		0.00309139257337		5.99501638623
	HARPS.2013-08-16T06:26:17.475_ccf_K5_A.fits		2456520.7790709902		-13.6815162625		0.00634324265625		0.00106004502464		0.0129913368394		-0.00702582794665		-17.8139954319		0.00313766272733		5.99508327158
	HARPS.2013-08-17T05:06:17.237_ccf_K5_A.fits		2456521.7236442300		-13.6835142206		0.00606376686372		0.00111147991774		0.0128106854585		-0.00619074676685		-17.7639131891		0.00241372159601		5.99327706389
	HARPS.2013-08-26T06:03:07.766_ccf_K5_A.fits		2456530.7627537502		-13.6800144351		0.00722597187945		0.0025611596517		0.011673315861		-0.00552574515703		-17.7873487007		0.00247719782667		5.99595533464
	HARPS.2013-09-01T04:48:52.812_ccf_K5_A.fits		2456536.7109123799		-13.6801456408		0.00805707650226		0.0013061386022		0.0155972785727		-0.00696825314405		-17.8409899314		0.00321926751274		5.99412835814
	HARPS.2013-09-03T04:24:22.083_ccf_K5_A.fits		2456538.6948340000		-13.6796906914		0.00358121346062		0.000514614886519		0.00883241498913		-0.0047852439379		-17.7233667631		0.00104337097466		5.99374133998
	HARPS.2013-09-29T03:40:13.658_ccf_K5_A.fits		2456564.6633377601		-13.6804751407		0.00581519906664		0.00193470775835		0.0119737115395		-0.00693634171023		-17.7649631226		0.0034194913044		5.99245875065
	HARPS.2013-10-03T02:08:16.916_ccf_K5_A.fits		2456568.5991904698		-13.6793924901		0.00770248624802		0.00338505718975		0.0129544022782		-0.00735454532875		-17.8357542667		0.00351907833886		5.99257456236
	HARPS.2013-10-20T04:15:16.778_ccf_K5_A.fits		2456585.6871443200		-13.6790376011		0.00791142191317		0.00354301148759		0.0132755837666		-0.00715658795079		-17.8534665776		0.00395512715891		5.99681625235
	HARPS.2013-10-21T01:34:08.117_ccf_K5_A.fits		2456586.5742427302		-13.6799010899		0.00786888186403		0.00208682681926		0.0151836341703		-0.00665681425763		-17.8952519958		0.00320898105213		5.9956002464
	HARPS.2013-10-25T02:14:19.872_ccf_K5_A.fits		2456590.6018372299		-13.6796420143		0.00760836323407		0.00475421188101		0.0119558496657		-0.00772389841374		-17.8434111515		0.0040045872881		5.99958815215
	HARPS.2013-10-27T01:06:14.077_ccf_K5_A.fits		2456592.5550251598		-13.678464788		0.010961733151		0.00409476687017		0.0197248016895		-0.0105961701707		-17.9604697667		0.00613942866285		5.99783224799
	HARPS.2013-11-03T01:25:21.022_ccf_K5_A.fits		2456599.5678099799		-13.6797759546		0.00674267877184		0.00145324953026		0.013178780113		-0.00817364829912		-17.8355498518		0.00372221004386		5.99422632954
	HARPS.2013-11-06T01:15:04.643_ccf_K5_A.fits		2456602.5600891700		-13.6823903555		0.00615813067658		0.00177937616191		0.0108291422467		-0.00611644820854		-17.8235863848		0.00242571432845		5.9930010768
	HARPS.2013-11-14T00:21:50.255_ccf_K5_A.fits		2456610.5220669000		-13.6799841117		0.00634364747684		0.000412444438375		0.0140648558388		-0.00702541435315		-17.8072255837		0.0028966814866		5.99259820914
	HARPS.2013-11-16T00:23:26.078_ccf_K5_A.fits		2456612.5231938702		-13.6779100188		0.00629982760834		0.00171849823898		0.0120834915293		-0.00737178853662		-17.8606476346		0.00325877208654		5.99256122675
	HARPS.2013-11-20T00:00:42.088_ccf_K5_A.fits		2456616.5066014901		-13.6789498273		0.00578056248974		-0.000163863535679		0.0116889322441		-0.00683817154544		-17.844468276		0.00268459152237		5.98918560767
	HARPS.2013-11-22T00:21:34.833_ccf_K5_A.fits		2456618.5213099401		-13.6780765158		0.0073040157574		0.00245581537911		0.0134094183364		-0.00742813692836		-17.8057661803		0.0034829257406		5.99187994845
	HARPS.2014-05-16T10:09:39.261_ccf_K5_A.fits		2456793.9275336498		-13.6822397008		0.00950777434096		0.00191484329989		0.0190738568874		-0.00992156318017		-17.9510098503		0.00419235926674		6.00009212525
	HARPS.2014-06-08T08:52:30.047_ccf_K5_A.fits		2456816.8757701302		-13.680268733		0.00713266548612		0.000639515568112		0.0141479256984		-0.00686749927449		-17.8384189015		0.00208190846168		6.01033656391
	HARPS.2014-06-22T09:31:27.480_ccf_K5_A.fits		2456830.9040432498		-13.6822487475		0.0074482634907		0.00138134970573		0.0149392533264		-0.00835777538295		-17.8503242344		0.00343087623197		6.00028718557
	HARPS.2014-07-20T09:12:42.678_ccf_K5_A.fits		2456858.8935762201		-13.6812862074		0.00839836056607		0.00352759449527		0.0140683342849		-0.0092519003587		-17.8685394235		0.0045520271899		6.00192965779
	HARPS.2014-08-02T06:31:50.010_ccf_K5_A.fits		2456871.7824987900		-13.6829302739		0.00543028580402		0.00116792812597		0.0119428616037		-0.00571366249377		-17.8893046919		0.00126740063378		6.00068713593
	HARPS.2014-08-26T04:53:16.496_ccf_K5_A.fits		2456895.7145657302		-13.6800864791		0.00739648601365		0.00244488457835		0.0143218622493		-0.00749965940917		-17.7970656887		0.00433719736537		6.00414199743
	HARPS.2015-08-24T04:23:19.802_ccf_K5_A.fits		2457258.6938443701		-13.6854186511		0.0282834800532		0.0114349951392		0.0478798049566		-0.0315862942575		-18.4412622574		0.0180527202116		6.02833370226
	HARPS.2015-10-12T02:04:17.632_ccf_K5_A.fits		2457307.5959507101		-13.6682996733		0.0282185007672		0.0130566357175		0.0461367988044		-0.0313451579349		-18.3239581062		0.018326875298		6.03059923855
	HARPS.2015-11-28T00:55:12.692_ccf_K5_A.fits		2457354.5441251299		-13.6652470996		0.0286949173831		0.0144016040843		0.0455183199548		-0.0321444106435		-18.3796341118		0.0185757060647		6.03700905125
	HARPS.2015-12-11T00:24:51.391_ccf_K5_A.fits		2457367.5217449400		-13.666277123		0.0295152589143		0.0139345964641		0.0475324774911		-0.0338564630071		-18.4843630462		0.0192518015389		6.03699450448
	HARPS.2016-05-15T09:52:38.777_ccf_K5_A.fits		2457523.9151486899		-13.6706885223		0.02992398936		0.0143865333222		0.047107838086		-0.0335867469593		-18.3747782317		0.0202753533064		6.04268873228
	HARPS.2016-05-18T10:06:18.259_ccf_K5_A.fits		2457526.9243005300		-13.6699623981		0.0298298156811		0.0129806078598		0.0495519945913		-0.0339080247066		-18.4471256878		0.0200266761066		6.04517199049
	HARPS.2016-05-21T08:31:55.415_ccf_K5_A.fits		2457529.8599761799		-13.6689247176		0.0294116030578		0.0152335593156		0.0458513725627		-0.0339733913943		-18.46070039		0.0198119563371		6.04337011275
	HARPS.2016-05-21T10:05:06.533_ccf_K5_A.fits		2457529.9244847200		-13.6685982945		0.0283705742163		0.0138352094101		0.0444859660358		-0.0328087955282		-18.4028708465		0.0191795195899		6.04420536163
	HARPS.2016-05-26T08:57:55.689_ccf_K5_A.fits		2457534.8782065399		-13.6744434444		0.0303313318436		0.0149593207788		0.0477813585894		-0.0345285561017		-18.4191471763		0.0204438425573		6.04641992969
	HARPS.2016-05-28T08:15:44.058_ccf_K5_A.fits		2457536.8492092700		-13.6725385086		0.029498546139		0.0125596485424		0.0494318590675		-0.0343268717409		-18.395707942		0.019841943028		6.04511787529
	HARPS.2016-06-11T08:13:21.119_ccf_K5_A.fits		2457550.8489186401		-13.6684187794		0.0281402803362		0.013109563759		0.0456407611684		-0.0322167146821		-18.3326813755		0.0186420406744		6.04373926683
	HARPS.2016-06-11T10:15:51.772_ccf_K5_A.fits		2457550.9337879098		-13.6676340883		0.0289316104989		0.0132630290253		0.0466006963769		-0.033295649912		-18.4212391715		0.0187638789784		6.04370307462
	HARPS.2016-06-28T07:16:37.658_ccf_K5_A.fits		2457567.8112939000		-13.6675273951		0.0300441051111		0.013812241318		0.0483838513554		-0.0349266512021		-18.4348677869		0.0198900070628		6.05291465074
	HARPS.2016-06-30T05:46:09.678_ccf_K5_A.fits		2457569.7484289501		-13.6662803691		0.0302727760307		0.0141377613783		0.0495857153475		-0.0336449422475		-18.3918633876		0.0201718351732		6.05148711025
	HARPS.2016-06-30T09:22:24.606_ccf_K5_A.fits		2457569.8994488199		-13.667575561		0.0284724136753		0.0139270494908		0.0460766435327		-0.0323073997774		-18.4421434624		0.0180509628445		6.05180794402
	HARPS.2016-07-01T08:00:05.551_ccf_K5_A.fits		2457570.8413230502		-13.6684885489		0.0288315659556		0.0138643486235		0.0457647244926		-0.0326356239812		-18.4005420963		0.0190625296209		6.05252443643
	HARPS.2016-07-01T09:08:40.633_ccf_K5_A.fits		2457570.8893711101		-13.6683093863		0.0295271818936		0.0135703804245		0.0478061677302		-0.033648267637		-18.4769028961		0.0191306747832		6.05163999334
	HARPS.2016-07-15T06:14:14.245_ccf_K5_A.fits		2457584.7692193901		-13.671470625		0.0304317082821		0.014631038224		0.0483454946672		-0.0344215262731		-18.4524822109		0.0205364441462		6.04843579308
	HARPS.2016-07-15T08:56:59.283_ccf_K5_A.fits		2457584.8821440800		-13.6741910072		0.03029443054		0.0156040705578		0.0482329339223		-0.0344793736357		-18.4390461089		0.0197342541594		6.0486654158
	HARPS.2016-07-17T05:13:51.550_ccf_K5_A.fits		2457586.7273193700		-13.6712524409		0.0291297640044		0.0128070272644		0.0469495590125		-0.0336740054763		-18.4401329766		0.0195648594559		6.05143512263
	HARPS.2016-07-17T09:43:53.850_ccf_K5_A.fits		2457586.9148554001		-13.6719798425		0.0306473601771		0.0146009704845		0.0498598519943		-0.0346374871934		-18.4663581969		0.0200941701366		6.05144282886
	HARPS.2016-08-04T04:09:15.635_ccf_K5_A.fits		2457604.6835936299		-13.6699639662		0.0304367554799		0.0152245152606		0.0472258092347		-0.0345988987406		-18.4648801216		0.0204275846868		6.05022632325
	HARPS.2016-08-04T06:48:03.559_ccf_K5_A.fits		2457604.7937722001		-13.6696339716		0.0305068406529		0.0156981923394		0.0476864134542		-0.0343971112149		-18.4629758207		0.0201623960271		6.04994150966
	HARPS.2016-08-05T05:09:10.846_ccf_K5_A.fits		2457605.7251443998		-13.6685086529		0.0285105451922		0.0124073394942		0.0466644324881		-0.0334058699793		-18.4303656825		0.0193327592063		6.048391602
	HARPS.2016-08-05T09:11:43.092_ccf_K5_A.fits		2457605.8934850399		-13.6680988774		0.0284062417533		0.0130884680047		0.0454947095516		-0.0324207322757		-18.3823802834		0.0189327891134		6.05136721151
	HARPS.2016-08-06T05:52:49.301_ccf_K5_A.fits		2457606.7553967801		-13.6708032024		0.0295308100029		0.0148231558777		0.0465483910041		-0.0358254443259		-18.4295428242		0.0207853599213		6.04625445043
	HARPS.2016-08-06T08:54:51.404_ccf_K5_A.fits		2457606.8823349699		-13.6706106473		0.0314566014959		0.0148246401487		0.049714335099		-0.0360148988272		-18.4854494824		0.0204433648168		6.04597265221
	HARPS.2016-08-07T05:02:53.621_ccf_K5_A.fits		2457607.7207606798		-13.6698912042		0.0297442355365		0.0140588371152		0.0482458740675		-0.0347832621162		-18.4434429415		0.0203226062572		6.04723703703
	HARPS.2016-08-07T08:53:03.314_ccf_K5_A.fits		2457607.8805009299		-13.6700829865		0.0298726000579		0.0132177211321		0.0491551900788		-0.0344409657293		-18.4971450478		0.0197776888165		6.0457083936
	HARPS.2016-08-08T04:57:58.107_ccf_K5_A.fits		2457608.7174901301		-13.6683530239		0.0277786704778		0.0143342533211		0.0437082603419		-0.0331021412843		-18.3667270704		0.0193716103406		6.05003917054
	HARPS.2016-08-08T08:16:49.772_ccf_K5_A.fits		2457608.8558982899		-13.6697441322		0.029907776005		0.013536784388		0.0483448742388		-0.0351413351596		-18.5427904328		0.019502162641		6.04745610106
	HARPS.2016-08-12T05:44:31.548_ccf_K5_A.fits		2457612.7499613198		-13.6692067969		0.0309928611125		0.0155962994063		0.0493129086083		-0.0345387033706		-18.4665447346		0.0201977037781		6.04932455447
	HARPS.2016-08-12T08:34:51.650_ccf_K5_A.fits		2457612.8679397102		-13.6684430443		0.0331464238309		0.017244067676		0.051632537573		-0.0361384222148		-18.5431913703		0.0216842710567		6.05158350393
	HARPS.2016-08-13T05:13:58.417_ccf_K5_A.fits		2457613.7288815500		-13.6669291152		0.0312085029097		0.0152295870816		0.0491810868227		-0.0353773014472		-18.5378403206		0.0207082375997		6.05026694938
	HARPS.2016-08-13T08:46:35.460_ccf_K5_A.fits		2457613.8762241001		-13.6664204769		0.0325518462474		0.0161640230164		0.0518592350314		-0.0363831032979		-18.4971154562		0.021511114537		6.05289550596
	HARPS.2016-08-14T04:24:07.284_ccf_K5_A.fits		2457614.6943970998		-13.6686470864		0.0320238575685		0.0158175792489		0.0512440222662		-0.036414064682		-18.5314463316		0.0213000606708		6.05144824967
	HARPS.2016-08-14T08:15:48.462_ccf_K5_A.fits		2457614.8549805600		-13.6678605176		0.0306996242551		0.0138815716025		0.0488824764139		-0.0360584604856		-18.4508434679		0.02104922131		6.05208785506
	HARPS.2016-08-15T04:13:29.326_ccf_K5_A.fits		2457615.6868332298		-13.6680680371		0.0322952910521		0.0151961997011		0.050368984473		-0.036353398259		-18.4998289646		0.0209721642928		6.05296533953
	HARPS.2016-08-15T07:33:20.866_ccf_K5_A.fits		2457615.8257260201		-13.6687443916		0.0316345067913		0.0153123274458		0.0504456717242		-0.0356926595592		-18.4954583274		0.020689258114		6.05398688856
	HARPS.2016-08-21T05:54:36.851_ccf_K5_A.fits		2457621.7569863000		-13.6712415021		0.0305634251783		0.0145750104614		0.0495156358396		-0.035962966526		-18.5808116731		0.0205336654914		6.05489111187
	HARPS.2016-08-21T08:34:19.527_ccf_K5_A.fits		2457621.8681110200		-13.6719655066		0.0329547375058		0.0151981354326		0.0525463369435		-0.0374043495712		-18.5070520878		0.02187990876		6.05376718697
	HARPS.2016-08-22T06:39:11.923_ccf_K5_A.fits		2457622.7880692398		-13.6705818104		0.0285730296943		0.0147697505481		0.0442662057377		-0.0327131011436		-18.3612194942		0.0195025330921		6.05890171412
	HARPS.2016-08-22T08:31:18.504_ccf_K5_A.fits		2457622.8668668498		-13.672315201		0.0321325157013		0.0140480746147		0.053347130483		-0.0366841553285		-18.5594091861		0.0206767882082		6.05488422546
	HARPS.2016-08-23T05:45:43.538_ccf_K5_A.fits		2457623.7513716300		-13.6715916965		0.0320019519025		0.015168837128		0.0514728824466		-0.0359513972752		-18.4990009553		0.0210057713782		6.05600170697
	HARPS.2016-08-23T08:05:45.207_ccf_K5_A.fits		2457623.8480976298		-13.6716638057		0.0303261855233		0.0143737651381		0.0482818821733		-0.0359866957681		-18.4679871361		0.0203543672995		6.05488255729
	HARPS.2016-08-24T05:48:39.309_ccf_K5_A.fits		2457624.7534230300		-13.6709649976		0.0322034000316		0.0168274954635		0.0501717238024		-0.0372142057524		-18.4792905999		0.0222032402711		6.05575875461
	HARPS.2016-08-25T06:02:23.042_ccf_K5_A.fits		2457625.7627645200		-13.6675881504		0.0314081166871		0.0150162818162		0.0495393801192		-0.03505775752		-18.4509728954		0.0206091098041		6.0546689725
	HARPS.2016-08-25T08:14:08.879_ccf_K5_A.fits		2457625.8541544899		-13.6666598018		0.0285531792594		0.013728503901		0.0454122265725		-0.0324459254616		-18.377404035		0.0180105845977		6.0572841479
	HARPS.2016-08-26T05:23:26.252_ccf_K5_A.fits		2457626.7356224800		-13.6682211766		0.0371685838245		0.018393285955		0.0572920087631		-0.0404291324871		-18.6347207047		0.0244255865459		6.05595836746
	HARPS.2016-08-26T06:43:05.266_ccf_K5_A.fits		2457626.7909355401		-13.6692315497		0.0290080952592		0.0133936532314		0.0481961657921		-0.0334486878425		-18.3934944292		0.0191856204452		6.05491208303
	HARPS.2016-08-29T03:46:42.077_ccf_K5_A.fits		2457629.6683652001		-13.6722669148		0.0332599999122		0.0167277333086		0.0530931138613		-0.0363222616598		-18.54027316		0.0218542276776		6.052262034
	HARPS.2016-08-29T05:42:38.915_ccf_K5_A.fits		2457629.7490832098		-13.6721643943		0.0317011125527		0.0148619307538		0.0514834712953		-0.0354147351349		-18.4853261916		0.0206289837106		6.05544936606
	HARPS.2016-08-30T03:22:44.491_ccf_K5_A.fits		2457630.6509622098		-13.6710015283		0.0306161933117		0.0140888112855		0.0485366206282		-0.0352940857296		-18.4821541037		0.0207192236211		6.05322246844
	HARPS.2016-08-30T05:35:12.324_ccf_K5_A.fits		2457630.7427796698		-13.6709242468		0.0321215537719		0.0153744824615		0.0517874759407		-0.036335024671		-18.4793862481		0.0213627875279		6.05524541372
	HARPS.2016-08-31T04:01:35.865_ccf_K5_A.fits		2457631.6787081501		-13.6704969628		0.0299927924911		0.0138881716673		0.0483178817848		-0.0348023474499		-18.5165534292		0.0194356306164		6.05089220375
	HARPS.2016-08-31T06:35:18.283_ccf_K5_A.fits		2457631.7855602000		-13.6702791406		0.0310522334344		0.0151217318218		0.0487785860865		-0.0351974251887		-18.4759459709		0.0208051143985		6.05482592235
	HARPS.2016-09-01T03:07:34.731_ccf_K5_A.fits		2457632.6414060001		-13.6714158281		0.0306874540958		0.0131640085004		0.0510707644087		-0.0348820845364		-18.4810405428		0.019879316392		6.05643891598
	HARPS.2016-09-01T06:09:11.935_ccf_K5_A.fits		2457632.7675287100		-13.6710885574		0.0312499697187		0.0149781970496		0.0495614205812		-0.0344765248717		-18.4834454503		0.0197552276414		6.05231061241
	HARPS.2016-09-10T01:59:00.863_ccf_K5_A.fits		2457641.5937255998		-13.6755020982		0.0298870808866		0.0122438188653		0.0505062589233		-0.0353446422313		-18.3908842968		0.0198972335187		6.05570386295
	HARPS.2016-09-10T06:16:07.327_ccf_K5_A.fits		2457641.7720678598		-13.6739115525		0.0313893991202		0.014396666357		0.0494407328751		-0.0351860791114		-18.4443376671		0.0205294525791		6.0585046979
	HARPS.2016-09-11T02:28:48.594_ccf_K5_A.fits		2457642.6138833100		-13.6713796639		0.0304351463809		0.013904202944		0.0496091884129		-0.0343944906251		-18.4635118973		0.0198269414801		6.05822478657
	HARPS.2016-09-11T06:08:43.594_ccf_K5_A.fits		2457642.7669131900		-13.6708220433		0.0305295035518		0.0139165553653		0.0494602349638		-0.0345717796528		-18.3931915325		0.0201546839481		6.05878693845
	HARPS.2016-09-12T02:15:57.657_ccf_K5_A.fits		2457643.6048384402		-13.6696564289		0.0309335784745		0.0159811737142		0.0476061482058		-0.0346449638041		-18.4271507612		0.0204782718475		6.06176385341
	HARPS.2016-09-12T05:14:23.601_ccf_K5_A.fits		2457643.7290607202		-13.6693382092		0.0297273588184		0.0153594645348		0.0463930441129		-0.0337828066083		-18.3840804346		0.0204664838897		6.06128165623
	HARPS.2016-09-13T02:33:48.615_ccf_K5_A.fits		2457644.6176317800		-13.6673218987		0.0329592074217		0.0148345702401		0.053974946293		-0.0367291222555		-18.3825621538		0.0224851154222		6.06458764778
	HARPS.2016-09-13T06:50:36.733_ccf_K5_A.fits		2457644.7960657300		-13.6675268372		0.0295268156194		0.0128153296389		0.0472978823352		-0.0357138350606		-18.3925392079		0.0207984505309		6.06411089722
	HARPS.2016-09-17T02:57:15.212_ccf_K5_A.fits		2457648.6339280899		-13.6630946303		0.0336245462767		0.0167781115016		0.0526893460123		-0.0389736604465		-18.4786567503		0.0225470390003		6.07138931446
	HARPS.2016-09-17T04:58:19.755_ccf_K5_A.fits		2457648.7181041101		-13.6649356063		0.0319097191802		0.0149931108175		0.050992278787		-0.0358311971911		-18.4376810598		0.0208270831079		6.0715498345
	HARPS.2016-09-18T01:42:47.030_ccf_K5_A.fits		2457649.5819810899		-13.6629378907		0.0322602571952		0.0151728356629		0.0512087565895		-0.036549273411		-18.5552311418		0.0208735327763		6.06748270265
	HARPS.2016-09-18T03:54:35.770_ccf_K5_A.fits		2457649.6738188001		-13.6624685116		0.0328953070463		0.0138305786249		0.0548339240055		-0.0370290898465		-18.5127237211		0.0212458388181		6.06914651477
	HARPS.2016-09-19T00:39:17.543_ccf_K5_A.fits		2457650.5379606499		-13.6649657314		0.0320037485714		0.0162161885193		0.0497892110416		-0.0355626541896		-18.3826371229		0.0209681484096		6.07357973859
	HARPS.2016-09-19T05:00:38.179_ccf_K5_A.fits		2457650.7195525002		-13.6667751763		0.0307243204964		0.0141445568348		0.0497936674785		-0.03489616499		-18.4213411495		0.0196161295686		6.07305305673
	HARPS.2016-09-20T01:43:06.979_ccf_K5_A.fits		2457651.5824544900		-13.6681456411		0.0301272717803		0.0145087291448		0.0482639977365		-0.0353685520038		-18.4285451044		0.0202066911987		6.07180696419
	HARPS.2016-09-20T05:07:36.311_ccf_K5_A.fits		2457651.7243597801		-13.6679968722		0.033276882716		0.0149958207287		0.0546112907888		-0.0385305687174		-18.4819923019		0.0220801388609		6.07341511548
	HARPS.2016-09-21T02:47:40.845_ccf_K5_A.fits		2457652.6270507402		-13.6681341871		0.0340099246444		0.0167462353603		0.0529952625149		-0.0373085058517		-18.5083625092		0.0217702808233		6.07167586798
	HARPS.2016-09-21T05:19:42.210_ccf_K5_A.fits		2457652.7328343000		-13.6677008516		0.0329122633052		0.0154564190735		0.0530607538177		-0.0376708453851		-18.467923002		0.0219491760583		6.07563623027
	HARPS.2016-09-22T04:03:52.440_ccf_K5_A.fits		2457653.6777445702		-13.669102194		0.032787570706		0.0145251029788		0.0538681742364		-0.037442334308		-18.5076277793		0.0211204402741		6.07213407037
	HARPS.2016-09-22T06:06:26.827_ccf_K5_A.fits		2457653.7651489498		-13.6682052978		0.0341829207751		0.016867819637		0.0538518107005		-0.0375758874907		-18.4993329256		0.021967034351		6.07477597357
	HARPS.2016-09-23T00:59:54.358_ccf_K5_A.fits		2457654.5523549998		-13.6648517314		0.0327169146514		0.0155411570068		0.0528225418915		-0.0374139737529		-18.4966999466		0.0211805309869		6.07569538684
	HARPS.2016-09-23T03:51:25.718_ccf_K5_A.fits		2457654.6721886601		-13.6640234436		0.0336829362596		0.0164679986992		0.0534997866781		-0.0384309365884		-18.5635138858		0.0215413182664		6.07217182063
	HARPS.2016-09-24T02:45:27.340_ccf_K5_A.fits		2457655.6255100300		-13.6659854812		0.0339033625182		0.0162343771636		0.0537612208297		-0.038964617194		-18.5126003955		0.0221980259845		6.073599805
	HARPS.2016-09-24T06:03:37.643_ccf_K5_A.fits		2457655.7631205898		-13.6651408957		0.0337098323768		0.0170198174486		0.0527488135608		-0.0388582859236		-18.4703050266		0.0225142647277		6.07300667632
	HARPS.2016-09-25T01:37:54.278_ccf_K5_A.fits		2457656.5785637801		-13.6668925825		0.0321942287967		0.0161991685093		0.0496996649432		-0.0368555847483		-18.4620255446		0.0220071718831		6.06985806979
	HARPS.2016-09-25T04:06:27.178_ccf_K5_A.fits		2457656.6818236201		-13.6660208901		0.0350191038047		0.0172404554929		0.0552629666583		-0.0397782996236		-18.5384451147		0.0234868234229		6.07177360527
	HARPS.2016-09-26T03:14:43.818_ccf_K5_A.fits		2457657.6459632898		-13.6685779938		0.0331595359771		0.0165724527009		0.0517376337981		-0.0375792266481		-18.5085342222		0.0220126139516		6.0687945926
	HARPS.2016-09-26T05:48:21.446_ccf_K5_A.fits		2457657.7531695599		-13.6691906664		0.0349580879309		0.0172518122502		0.054534094739		-0.0393260269378		-18.5417361773		0.022438670398		6.0719431673
	HARPS.2016-09-27T02:04:44.784_ccf_K5_A.fits		2457658.5971159399		-13.6690778665		0.0351049907079		0.0180342570608		0.0536256309915		-0.0386973659067		-18.5798579885		0.0230694708537		6.06623169162
	HARPS.2016-09-27T05:51:55.471_ccf_K5_A.fits		2457658.7548754602		-13.6697032264		0.0337661227421		0.0160102471711		0.053603218216		-0.0381796120655		-18.55058568		0.0222406335499		6.0672571361
	HARPS.2016-09-28T02:44:37.982_ccf_K5_A.fits		2457659.6249767798		-13.6690077087		0.0327827773646		0.0170260201191		0.0519082133612		-0.0376641505826		-18.4942422407		0.0226816288462		6.06486070204
	HARPS.2016-09-28T05:27:25.004_ccf_K5_A.fits		2457659.7377148801		-13.6678999432		0.0336587556694		0.0171831166933		0.0514805864889		-0.0377830390929		-18.4375316893		0.0225899143728		6.06695960516
